-203.186815	-32.734325	5.341000	1306.518803
-202.946169	-32.801682	5.341000	1307.117665
-202.705523	-32.869035	5.342000	1307.716402
-202.464930	-32.936294	5.342000	1308.314922
-202.224284	-33.003640	5.343000	1308.913393
-201.983587	-33.071073	5.345000	1309.511810
-201.742941	-33.138412	5.346000	1310.109996
-201.502296	-33.205746	5.347000	1310.708032
-201.261651	-33.273077	5.347000	1311.305921
-201.021103	-33.340459	5.346000	1311.903383
-200.780458	-33.407782	5.346000	1312.500995
-200.539814	-33.475102	5.345000	1313.098472
-200.299117	-33.542509	5.343000	1313.695904
-200.058473	-33.609821	5.341000	1314.293122
-199.817829	-33.677129	5.340000	1314.890214
-199.577282	-33.744489	5.340000	1315.486896
-199.336586	-33.811881	5.339000	1316.083830
-199.095942	-33.879178	5.339000	1316.680561
-198.855247	-33.946562	5.339000	1317.277263
-198.614700	-34.013907	5.339000	1317.873480
-198.374005	-34.081283	5.339000	1318.469960
-198.133362	-34.148565	5.339000	1319.066248
-197.892763	-34.215990	5.338000	1319.662230
-197.652121	-34.283264	5.337000	1320.258312
-197.411426	-34.350626	5.337000	1320.854381
-197.170828	-34.418039	5.337000	1321.450065
-196.930186	-34.485302	5.337000	1322.045859
-196.689492	-34.552652	5.338000	1322.641646
-196.448894	-34.620054	5.339000	1323.237070
-196.208201	-34.687397	5.341000	1323.832719
-195.967559	-34.754644	5.341000	1324.428224
-195.726962	-34.822035	5.342000	1325.023470
-195.486269	-34.889366	5.344000	1325.618951
-195.245672	-34.956749	5.345000	1326.214087
-195.004979	-35.024073	5.346000	1326.809449
-194.764383	-35.091448	5.346000	1327.404457
-194.523690	-35.158765	5.346000	1327.999683
-194.283094	-35.226132	5.346000	1328.594546
-194.042401	-35.293441	5.346000	1329.189617
-193.801806	-35.360801	5.345000	1329.784316
-193.561114	-35.428102	5.344000	1330.379214
-193.320518	-35.495455	5.344000	1330.973728
-193.079774	-35.562840	5.342000	1331.568514
-192.839179	-35.630185	5.341000	1332.162824
-192.598488	-35.697471	5.340000	1332.757311
-192.357893	-35.764808	5.340000	1333.351395
-192.117246	-35.832233	5.340000	1333.945440
-191.876555	-35.899508	5.340000	1334.539563
-191.635961	-35.966834	5.341000	1335.133287
-191.395218	-36.034192	5.341000	1335.727269
-191.154624	-36.101511	5.341000	1336.320762
-190.913978	-36.168917	5.342000	1336.914214
-190.673288	-36.236172	5.343000	1337.507750
-190.432642	-36.303571	5.345000	1338.100988
-190.192048	-36.370874	5.346000	1338.694052
-189.951403	-36.438265	5.348000	1339.287103
-189.710661	-36.505597	5.350000	1339.880343
-189.470068	-36.572889	5.350000	1340.473113
-189.229423	-36.640268	5.351000	1341.065861
-188.988778	-36.707644	5.351000	1341.658503
-188.748037	-36.774960	5.352000	1342.251322
-188.507445	-36.842237	5.351000	1342.843658
-188.266801	-36.909601	5.350000	1343.435959
-188.026157	-36.976962	5.354000	1344.028140
-187.785513	-37.044318	5.356000	1344.620197
-187.544772	-37.111616	5.356000	1345.212415
-187.304128	-37.178965	5.356000	1345.804214
-187.063485	-37.246310	5.357000	1346.395884
-186.822842	-37.313652	5.358000	1346.987444
-186.582198	-37.380989	5.357000	1347.578892
-186.341555	-37.448323	5.358000	1348.170224
-186.100912	-37.515653	5.358000	1348.761437
-185.860270	-37.582979	5.357000	1349.352528
-185.619575	-37.650393	5.357000	1349.943577
-185.378932	-37.717712	5.357000	1350.534444
-185.138290	-37.785026	5.357000	1351.125208
-184.897648	-37.852337	5.356000	1351.715867
-184.656954	-37.919736	5.354000	1352.306497
-184.416312	-37.987039	5.352000	1352.896933
-184.175670	-38.054339	5.351000	1353.487251
-183.934976	-38.121726	5.351000	1354.077528
-183.694335	-38.189018	5.351000	1354.667599
-183.453642	-38.256397	5.352000	1355.257620
-183.213001	-38.323682	5.353000	1355.847425
-182.972308	-38.391054	5.354000	1356.437171
-182.731667	-38.458330	5.355000	1357.026692
-182.490974	-38.525695	5.356000	1357.616143
-182.250334	-38.592964	5.357000	1358.205375
-182.009641	-38.660320	5.357000	1358.794561
-181.769045	-38.727728	5.358000	1359.383327
-181.528353	-38.795077	5.358000	1359.972245
-181.287714	-38.862331	5.358000	1360.560944
-181.047022	-38.929673	5.357000	1361.149576
-180.806330	-38.997010	5.357000	1361.738059
-180.565735	-39.064399	5.356000	1362.326101
-180.325044	-39.131729	5.356000	1362.914291
-180.084352	-39.199055	5.355000	1363.502343
-179.843661	-39.266377	5.355000	1364.090255
-179.603067	-39.333751	5.354000	1364.677737
-179.362376	-39.401066	5.353000	1365.265361
-179.121685	-39.468376	5.352000	1365.852838
-178.880995	-39.535684	5.351000	1366.440164
-178.640401	-39.603042	5.351000	1367.027050
-178.399711	-39.670341	5.350000	1367.614067
-178.159021	-39.737637	5.349000	1368.200926
-177.918428	-39.804984	5.349000	1368.787335
-177.677686	-39.872363	5.348000	1369.373947
-177.436996	-39.939647	5.347000	1369.960338
-177.196404	-40.006983	5.347000	1370.546305
-176.955662	-40.074350	5.346000	1371.132499
-176.715070	-40.141678	5.346000	1371.718186
-176.474381	-40.208947	5.346000	1372.304018
-176.233736	-40.276359	5.346000	1372.889492
-175.993048	-40.343620	5.346000	1373.475027
-175.752404	-40.411024	5.345000	1374.060199
-175.511715	-40.478277	5.344000	1374.645428
-175.271071	-40.545674	5.344000	1375.230306
-175.030384	-40.612919	5.344000	1375.815255
-174.789740	-40.680308	5.343000	1376.399851
-174.549000	-40.747638	5.342000	1376.984586
-174.308409	-40.814927	5.341000	1377.568804
-174.067670	-40.882249	5.340000	1378.153227
-173.827027	-40.949622	5.339000	1378.737198
-173.586287	-41.016937	5.338000	1379.321288
-173.345697	-41.084211	5.337000	1379.904838
-173.105055	-41.151573	5.336000	1380.488284
-172.864316	-41.218875	5.335000	1381.071838
-172.623674	-41.286230	5.333000	1381.654945
-172.383032	-41.353580	5.328000	1382.237892
-172.142293	-41.420871	5.324000	1382.820960
-171.901652	-41.488214	5.322000	1383.403568
-171.661010	-41.555553	5.319000	1383.985999
-171.420272	-41.622832	5.318000	1384.568533
-171.179631	-41.690164	5.316000	1385.150590
-170.938990	-41.757491	5.314000	1385.732452
-170.698200	-41.824850	5.313000	1386.314475
-170.457560	-41.892170	5.312000	1386.895928
-170.216919	-41.959486	5.311000	1387.477189
-169.976279	-42.026798	5.310000	1388.058269
-169.735586	-42.094197	5.309000	1388.639239
-169.494850	-42.161446	5.308000	1389.220230
-169.254210	-42.228747	5.307000	1389.800738
-169.013518	-42.296135	5.307000	1390.381119
-168.772878	-42.363428	5.307000	1390.961220
-168.532186	-42.430808	5.307000	1391.541183
-168.291547	-42.498093	5.306000	1392.120856
-168.050855	-42.565466	5.305000	1392.700397
-167.810120	-42.632688	5.305000	1393.279964
-167.569429	-42.700053	5.307000	1393.859126
-167.328790	-42.767322	5.307000	1394.438016
-167.088099	-42.834680	5.307000	1395.016778
-166.847409	-42.902033	5.306000	1395.595331
-166.606770	-42.969291	5.306000	1396.173597
-166.366080	-43.036637	5.305000	1396.751717
-166.125390	-43.103979	5.305000	1397.329612
-165.884700	-43.171317	5.305000	1397.907276
-165.644010	-43.238651	5.305000	1398.484705
-165.403372	-43.305890	5.305000	1399.061819
-165.162683	-43.373217	5.305000	1399.638776
-164.921993	-43.440539	5.305000	1400.215524
-164.681304	-43.507858	5.305000	1400.792054
-164.440615	-43.575173	5.305000	1401.368360
-164.200022	-43.642539	5.305000	1401.944146
-163.959334	-43.709847	5.305000	1402.519980
-163.718645	-43.777150	5.304000	1403.095567
-163.477904	-43.844541	5.304000	1403.670972
-163.237216	-43.911837	5.303000	1404.246074
-162.996528	-43.979129	5.303000	1404.820948
-162.755840	-44.046417	5.304000	1405.395589
-162.515248	-44.113756	5.304000	1405.969700
-162.274508	-44.181128	5.303000	1406.543921
-162.033821	-44.248404	5.298000	1407.117813
-161.793133	-44.315677	5.294000	1407.691440
-161.552394	-44.383037	5.291000	1408.264865
-161.311803	-44.450357	5.290000	1408.837652
-161.071064	-44.517709	5.288000	1409.410508
-160.830377	-44.584966	5.287000	1409.982999
-160.589735	-44.652366	5.287000	1410.554969
-160.349048	-44.719616	5.290000	1411.126844
-160.108310	-44.786953	5.297000	1411.698480
-159.867668	-44.854341	5.302000	1412.269532
-159.626982	-44.921579	5.305000	1412.840503
-159.386243	-44.988904	5.306000	1413.411242
-159.145602	-45.056281	5.302000	1413.981387
-158.904916	-45.123508	5.292000	1414.551441
-158.664179	-45.190821	5.293000	1415.121258
-158.423538	-45.258187	5.296000	1415.690514
-158.182800	-45.325493	5.299000	1416.259781
-157.942159	-45.392850	5.303000	1416.828483
-157.701422	-45.460149	5.307000	1417.397191
-157.460782	-45.527498	5.312000	1417.965325
-157.220098	-45.594698	5.318000	1418.533389
-156.979457	-45.662040	5.329000	1419.100942
-156.738669	-45.729414	5.338000	1419.668552
-156.498029	-45.796748	5.351000	1420.235506
-156.257293	-45.864023	5.357000	1420.802442
-156.016653	-45.931350	5.361000	1421.368781
-155.775917	-45.998618	5.365000	1421.935094
-155.535278	-46.065937	5.369000	1422.500801
-155.294543	-46.133196	5.372000	1423.066472
-155.053851	-46.200599	5.374000	1423.631601
-154.813213	-46.267906	5.378000	1424.196346
-154.572478	-46.335154	5.382000	1424.761057
-154.331787	-46.402545	5.386000	1425.325221
-154.091149	-46.469841	5.390000	1425.888982
-153.850362	-46.537168	5.395000	1426.452776
-153.609724	-46.604456	5.401000	1427.015916
-153.369086	-46.671741	5.407000	1427.578751
-153.128299	-46.739057	5.412000	1428.141625
-152.887610	-46.806424	5.418000	1428.703892
-152.646972	-46.873697	5.423000	1429.265767
-152.406283	-46.941057	5.429000	1429.827374
-152.165549	-47.008266	5.435000	1430.388861
-151.924860	-47.075618	5.440000	1430.949779
-151.684171	-47.142967	5.445000	1431.510343
-151.443482	-47.210311	5.450000	1432.070545
-151.202749	-47.277505	5.455000	1432.630600
-150.962061	-47.344842	5.463000	1433.190057
-150.721372	-47.412175	5.470000	1433.749131
-150.480684	-47.479504	5.478000	1434.307814
-150.239996	-47.546829	5.486000	1434.866100
-149.999308	-47.614150	5.494000	1435.423984
-149.758620	-47.681467	5.503000	1435.981492
-149.517932	-47.748781	5.511000	1436.538621
-149.277148	-47.816035	5.519000	1437.095653
-149.036461	-47.883340	5.529000	1437.652043
-148.795774	-47.950642	5.537000	1438.208083
-148.555087	-48.017940	5.546000	1438.763765
-148.314400	-48.085234	5.555000	1439.319081
-148.073661	-48.152616	5.564000	1439.874086
-147.832974	-48.219902	5.573000	1440.428647
-147.592288	-48.287184	5.582000	1440.982817
-147.351601	-48.354463	5.591000	1441.536589
-147.110863	-48.421829	5.600000	1442.090016
-146.870177	-48.489100	5.610000	1442.642965
-146.629491	-48.556367	5.621000	1443.195491
-146.388850	-48.623776	5.632000	1443.747359
-146.148164	-48.691035	5.643000	1444.299010
-145.907426	-48.758382	5.654000	1444.850271
-145.666741	-48.825633	5.665000	1445.401011
-145.426004	-48.892972	5.677000	1445.951343
-145.185267	-48.960307	5.688000	1446.501196
-144.944582	-49.027546	5.700000	1447.050505
-144.703941	-49.094929	5.712000	1447.599131
-144.463257	-49.162161	5.723000	1448.147540
-144.222520	-49.229480	5.735000	1448.695598
-143.981784	-49.296796	5.746000	1449.243240
-143.741048	-49.364107	5.758000	1449.790457
-143.500408	-49.431470	5.771000	1450.336956
-143.259724	-49.498683	5.784000	1450.883239
-143.018988	-49.565983	5.798000	1451.429128
-142.778253	-49.633279	5.811000	1451.974558
-142.537614	-49.700626	5.824000	1452.519234
-142.296878	-49.767914	5.837000	1453.063716
-142.056143	-49.835199	5.851000	1453.607709
-141.815504	-49.902534	5.861000	1454.150923
-141.574769	-49.969811	5.871000	1454.693914
-141.334035	-50.037084	5.885000	1455.236389
-141.093344	-50.104499	5.898000	1455.778111
-140.852610	-50.171764	5.912000	1456.319526
-140.611972	-50.239080	5.926000	1456.860113
-140.371238	-50.306337	5.942000	1457.400430
-140.130504	-50.373590	5.957000	1457.940182
-139.889814	-50.440986	5.972000	1458.479134
-139.649080	-50.508232	5.985000	1459.017794
-139.408391	-50.575620	5.998000	1459.555751
-139.167657	-50.642857	6.013000	1460.093450
-138.927020	-50.710146	6.026000	1460.630370
-138.686235	-50.777467	6.040000	1461.167121
-138.445599	-50.844749	6.055000	1461.703019
-138.204813	-50.912062	6.070000	1462.238726
-137.964177	-50.979336	6.087000	1462.773561
-137.723392	-51.046641	6.106000	1463.308184
-137.482704	-51.113998	6.123000	1463.841968
-137.242068	-51.181260	6.137000	1464.375130
-137.001284	-51.248553	6.149000	1464.908048
-136.760596	-51.315899	6.167000	1465.440094
-136.519909	-51.383240	6.185000	1465.971541
-136.279177	-51.450431	6.203000	1466.502605
-136.038490	-51.517764	6.221000	1467.032819
-135.797803	-51.585094	6.239000	1467.562399
-135.557019	-51.652364	6.257000	1468.091616
-135.316332	-51.719686	6.275000	1468.619898
-135.075646	-51.787004	6.294000	1469.147518
-134.834863	-51.854262	6.312000	1469.674790
-134.594176	-51.921573	6.330000	1470.201161
-134.353490	-51.988879	6.348000	1470.726913
-134.112804	-52.056181	6.366000	1471.252043
-133.872022	-52.123424	6.383000	1471.776830
-133.631336	-52.190719	6.401000	1472.300710
-133.390650	-52.258009	6.419000	1472.823960
-133.149912	-52.325387	6.436000	1473.346626
-132.909227	-52.392670	6.453000	1473.868607
-132.668542	-52.459949	6.471000	1474.389949
-132.427708	-52.527259	6.488000	1474.910976
-132.187023	-52.594531	6.505000	1475.431029
-131.946338	-52.661798	6.522000	1475.950432
-131.705601	-52.729152	6.539000	1476.469230
-131.464917	-52.796411	6.555000	1476.987323
-131.224180	-52.863758	6.572000	1477.504802
-130.983496	-52.931010	6.588000	1478.021570
-130.742760	-52.998348	6.604000	1478.537715
-130.502076	-53.065592	6.620000	1479.053141
-130.261340	-53.132923	6.636000	1479.567954
-130.020604	-53.200250	6.652000	1480.082150
-129.779921	-53.267482	6.668000	1480.595681
-129.539185	-53.334801	6.683000	1481.108642
-129.298450	-53.402116	6.699000	1481.620998
-129.057767	-53.469337	6.714000	1482.132693
-128.817032	-53.536644	6.729000	1482.643800
-128.576297	-53.603948	6.744000	1483.154261
-128.335562	-53.671247	6.758000	1483.664063
-128.094827	-53.738543	6.773000	1484.173191
-127.854189	-53.805890	6.788000	1484.681354
-127.613455	-53.873178	6.803000	1485.189093
-127.372721	-53.940462	6.818000	1485.696115
-127.131987	-54.007742	6.832000	1486.202407
-126.891253	-54.075018	6.847000	1486.707954
-126.650519	-54.142291	6.861000	1487.212742
-126.409882	-54.209614	6.875000	1487.716481
-126.169148	-54.276879	6.889000	1488.219708
-125.928363	-54.344230	6.903000	1488.722172
-125.687630	-54.411487	6.917000	1489.223780
-125.446993	-54.478795	6.930000	1489.724323
-125.206260	-54.546044	6.944000	1490.224362
-124.965475	-54.613379	6.957000	1490.723646
-124.724743	-54.680620	6.970000	1491.222082
-124.484107	-54.747913	6.983000	1491.719437
-124.243322	-54.815237	6.996000	1492.216355
-124.002590	-54.882466	7.009000	1492.712481
-123.761902	-54.949838	7.021000	1493.207604
-123.521170	-55.017059	7.033000	1493.702185
-123.280483	-55.084423	7.046000	1494.195738
-123.039751	-55.151636	7.058000	1494.688724
-122.798968	-55.218937	7.070000	1495.180930
-122.558280	-55.286289	7.082000	1495.672033
-122.317549	-55.353491	7.094000	1496.162531
-122.076863	-55.420835	7.105000	1496.651936
-121.836080	-55.488120	7.117000	1497.140745
-121.595393	-55.555456	7.128000	1497.628398
-121.354610	-55.622733	7.140000	1498.115429
-121.113976	-55.689971	7.151000	1498.601245
-120.873194	-55.757240	7.162000	1499.086453
-120.632508	-55.824560	7.173000	1499.570509
-120.391726	-55.891822	7.184000	1500.053951
-120.151040	-55.959135	7.194000	1500.536222
-119.910355	-56.026443	7.204000	1501.017582
-119.669573	-56.093693	7.213000	1501.498289
-119.428888	-56.160994	7.223000	1501.977792
-119.188106	-56.228236	7.232000	1502.456648
-118.947369	-56.295620	7.241000	1502.934345
-118.706684	-56.362909	7.251000	1503.411089
-118.465903	-56.430139	7.260000	1503.887177
-118.225219	-56.497420	7.269000	1504.362061
-117.984482	-56.564789	7.279000	1504.836038
-117.743702	-56.632007	7.288000	1505.309313
-117.503018	-56.699277	7.297000	1505.781372
-117.262282	-56.766633	7.306000	1506.252508
-117.021598	-56.833895	7.315000	1506.722660
-116.780818	-56.901097	7.324000	1507.192120
-116.540082	-56.968442	7.333000	1507.660372
-116.299399	-57.035692	7.343000	1508.127628
-116.058664	-57.103029	7.352000	1508.593961
-115.817928	-57.170362	7.361000	1509.059371
-115.577149	-57.237545	7.370000	1509.524099
-115.336414	-57.304870	7.379000	1509.987652
-115.095679	-57.372191	7.388000	1510.450269
-114.854997	-57.439418	7.397000	1510.911921
-114.614262	-57.506731	7.407000	1511.372652
-114.373528	-57.574040	7.416000	1511.832435
-114.132794	-57.641346	7.425000	1512.291282
-113.892112	-57.708557	7.435000	1512.749170
-113.651378	-57.775854	7.444000	1513.206131
-113.410644	-57.843148	7.454000	1513.662132
-113.169911	-57.910438	7.463000	1514.117160
-112.929177	-57.977723	7.473000	1514.571203
-112.688444	-58.045005	7.483000	1515.024250
-112.447711	-58.112283	7.489000	1515.476287
-112.206978	-58.179557	7.495000	1515.927303
-111.966245	-58.246827	7.501000	1516.377287
-111.725512	-58.314093	7.508000	1516.826225
-111.484727	-58.381446	7.514000	1517.274128
-111.243994	-58.448705	7.521000	1517.720990
-111.003262	-58.515959	7.527000	1518.166830
-110.762530	-58.583209	7.534000	1518.611633
-110.521746	-58.650547	7.541000	1519.055406
-110.281014	-58.717789	7.548000	1519.498102
-110.040378	-58.785083	7.554000	1519.939462
-109.799594	-58.852409	7.561000	1520.380017
-109.558863	-58.919639	7.568000	1520.819458
-109.318079	-58.986957	7.575000	1521.257803
-109.077348	-59.054179	7.582000	1521.695056
-108.836661	-59.121545	7.589000	1522.131011
-108.595931	-59.188759	7.596000	1522.566153
-108.355148	-59.256061	7.603000	1523.000234
-108.114417	-59.323268	7.610000	1523.433213
-107.873731	-59.390618	7.617000	1523.864843
-107.632948	-59.457908	7.624000	1524.295619
-107.392166	-59.525193	7.632000	1524.725268
-107.151532	-59.592440	7.639000	1525.153506
-106.910750	-59.659718	7.646000	1525.580862
-106.669968	-59.726992	7.653000	1526.007070
-106.429282	-59.794318	7.660000	1526.431898
-106.188501	-59.861584	7.667000	1526.855855
-105.947719	-59.928847	7.674000	1527.278667
-105.707034	-59.996160	7.681000	1527.700062
-105.466253	-60.063415	7.689000	1528.120545
-105.225568	-60.130721	7.696000	1528.539586
-104.984787	-60.197967	7.703000	1528.957688
-104.744103	-60.265265	7.707000	1529.374322
-104.503322	-60.332504	7.712000	1529.789989
-104.262638	-60.399794	7.716000	1530.204161
-104.021858	-60.467025	7.721000	1530.617351
-103.781174	-60.534307	7.725000	1531.029060
-103.540341	-60.601620	7.730000	1531.439799
-103.299658	-60.668895	7.734000	1531.849042
-103.058878	-60.736109	7.739000	1532.257300
-102.818142	-60.803467	7.743000	1532.664059
-102.577363	-60.870674	7.747000	1533.069819
-102.336628	-60.938023	7.751000	1533.474068
-102.095945	-61.005277	7.755000	1533.877055
-101.855166	-61.072473	7.760000	1534.279070
-101.614431	-61.139810	7.764000	1534.679619
-101.373696	-61.207143	7.767000	1535.078949
-101.132918	-61.274327	7.771000	1535.477312
-100.892183	-61.341652	7.775000	1535.874193
-100.651501	-61.408883	7.779000	1536.269844
-100.410671	-61.476145	7.782000	1536.664510
-100.169937	-61.543459	7.786000	1537.057681
-99.929203	-61.610768	7.789000	1537.449605
-99.688521	-61.677983	7.793000	1537.840283
-99.447691	-61.745230	7.796000	1538.229953
-99.206958	-61.812527	7.799000	1538.618111
-98.966225	-61.879821	7.802000	1539.005010
-98.725492	-61.947111	7.805000	1539.390665
-98.484759	-62.014397	7.808000	1539.775065
-98.244026	-62.081679	7.811000	1540.158197
-98.003197	-62.148902	7.813000	1540.540300
-97.762464	-62.216176	7.816000	1540.920857
-97.521732	-62.283446	7.818000	1541.300107
-97.281000	-62.350712	7.821000	1541.678049
-97.040268	-62.417974	7.822000	1542.054711
-96.799536	-62.485232	7.823000	1542.430085
-96.558751	-62.552577	7.823000	1542.804145
-96.318020	-62.619827	7.824000	1543.176899
-96.077288	-62.687074	7.824000	1543.548324
-95.836557	-62.754316	7.825000	1543.918407
-95.595773	-62.821645	7.825000	1544.287122
-95.355042	-62.888879	7.826000	1544.654480
-95.114259	-62.956201	7.826000	1545.020443
-94.873528	-63.023427	7.826000	1545.385024
-94.632798	-63.090649	7.826000	1545.748199
-94.392015	-63.157959	7.825000	1546.109938
-94.151232	-63.225264	7.825000	1546.470243
-93.910502	-63.292474	7.825000	1546.829126
-93.669719	-63.359772	7.824000	1547.186622
-93.429086	-63.427030	7.824000	1547.542520
-93.188304	-63.494319	7.823000	1547.897262
-92.947522	-63.561605	7.822000	1548.250605
-92.706740	-63.628886	7.822000	1548.602533
-92.466011	-63.696073	7.821000	1548.953083
-92.225325	-63.763402	7.820000	1549.301984
-91.984544	-63.830671	7.818000	1549.649725
-91.743763	-63.897937	7.817000	1549.996047
-91.502982	-63.965198	7.816000	1550.340936
-91.262297	-64.032512	7.815000	1550.684135
-91.021516	-64.099765	7.813000	1551.026112
-90.780735	-64.167015	7.812000	1551.366609
-90.539955	-64.234260	7.810000	1551.705613
-90.299271	-64.301558	7.809000	1552.042867
-90.058491	-64.368795	7.807000	1552.378836
-89.817711	-64.436029	7.805000	1552.713266
-89.577027	-64.503314	7.804000	1553.045901
-89.336247	-64.570540	7.802000	1553.377205
-89.095511	-64.637908	7.800000	1553.706659
-88.854732	-64.705126	7.798000	1554.034776
-88.613953	-64.772340	7.796000	1554.361296
-88.373217	-64.839696	7.793000	1554.685956
-88.132438	-64.906902	7.791000	1555.009287
-87.891756	-64.974159	7.789000	1555.330795
-87.650925	-65.041448	7.787000	1555.650963
-87.410242	-65.108697	7.785000	1555.969384
-87.169411	-65.175978	7.782000	1556.286468
-86.928729	-65.243219	7.780000	1556.601806
-86.687899	-65.310492	7.778000	1556.915804
-86.447165	-65.377816	7.776000	1557.228023
-86.206387	-65.444990	7.773000	1557.538966
-85.965653	-65.512306	7.771000	1557.848097
-85.724919	-65.579619	7.769000	1558.155683
-85.484142	-65.646781	7.767000	1558.461991
-85.243409	-65.714085	7.764000	1558.766484
-85.002675	-65.781385	7.762000	1559.069430
-84.761846	-65.848626	7.760000	1559.371059
-84.521113	-65.915918	7.758000	1559.670907
-84.280380	-65.983207	7.755000	1559.969206
-84.039551	-66.050435	7.753000	1560.266184
-83.798819	-66.117716	7.751000	1560.561381
-83.558086	-66.184992	7.749000	1560.855052
-83.317258	-66.252209	7.747000	1561.147440
-83.076526	-66.319477	7.745000	1561.438092
-82.835794	-66.386742	7.743000	1561.727244
-82.595062	-66.454002	7.741000	1562.014875
-82.354331	-66.521259	7.739000	1562.300966
-82.113503	-66.588455	7.737000	1562.585726
-81.872719	-66.655794	7.736000	1562.868633
-81.631988	-66.723039	7.736000	1563.149985
-81.391257	-66.790279	7.736000	1563.429717
-81.150526	-66.857516	7.736000	1563.707810
-80.909743	-66.924839	7.737000	1563.984196
-80.669012	-66.992067	7.737000	1564.258948
-80.428229	-67.059382	7.738000	1564.531953
-80.187403	-67.126547	7.738000	1564.803509
-79.946620	-67.193854	7.739000	1565.073049
-79.705890	-67.261067	7.740000	1565.340877
-79.465108	-67.328366	7.741000	1565.606871
-79.224378	-67.395570	7.741000	1565.871112
-78.983596	-67.462862	7.742000	1566.133477
-78.742814	-67.530149	7.743000	1566.393997
-78.502085	-67.597341	7.744000	1566.652731
-78.261303	-67.664620	7.745000	1566.909652
-78.020618	-67.731951	7.747000	1567.164600
-77.779837	-67.799222	7.748000	1567.418014
-77.539056	-67.866489	7.749000	1567.669672
-77.298327	-67.933662	7.750000	1567.919629
-77.057546	-68.000921	7.752000	1568.167772
-76.816766	-68.068176	7.753000	1568.414155
-76.575985	-68.135427	7.755000	1568.658776
-76.335205	-68.202674	7.757000	1568.901635
-76.094521	-68.269973	7.758000	1569.142512
-75.853741	-68.337212	7.760000	1569.381841
-75.612961	-68.404447	7.762000	1569.619403
-75.372128	-68.471769	7.764000	1569.855135
-75.131349	-68.538996	7.766000	1570.089159
-74.890666	-68.606275	7.768000	1570.321196
-74.649886	-68.673494	7.770000	1570.551676
-74.409055	-68.740799	7.772000	1570.780319
-74.168372	-68.808066	7.774000	1571.007035
-73.927593	-68.875273	7.780000	1571.232190
-73.686762	-68.942567	7.786000	1571.455522
-73.446079	-69.009821	7.792000	1571.676972
-73.205301	-69.077016	7.798000	1571.896890
-72.964470	-69.144298	7.804000	1572.114986
-72.723788	-69.211541	7.810000	1572.331174
-72.482957	-69.278814	7.816000	1572.545735
-72.242223	-69.346139	7.822000	1572.758305
-72.001446	-69.413314	7.829000	1572.969368
-71.760615	-69.480576	7.835000	1573.178564
-71.519934	-69.547799	7.841000	1573.385818
-71.279105	-69.615052	7.847000	1573.591397
-71.038371	-69.682357	7.854000	1573.794945
-70.797542	-69.749603	7.860000	1573.996873
-70.556861	-69.816809	7.866000	1574.196829
-70.316032	-69.884047	7.873000	1574.395074
-70.075299	-69.951336	7.879000	1574.591256
-69.834566	-70.018621	7.886000	1574.785576
-69.593738	-70.085846	7.892000	1574.978231
-69.353005	-70.153123	7.898000	1575.168801
-69.112177	-70.220341	7.905000	1575.357691
-68.871445	-70.287610	7.911000	1575.544515
-68.630713	-70.354875	7.918000	1575.729477
-68.389885	-70.422080	7.924000	1575.912778
-68.149153	-70.489337	7.930000	1576.094074
-67.908369	-70.556681	7.937000	1576.273496
-67.667542	-70.623874	7.943000	1576.451393
-67.426810	-70.691119	7.950000	1576.627261
-67.186079	-70.758360	7.956000	1576.801286
-66.945200	-70.825631	7.962000	1576.973568
-66.704469	-70.892864	7.969000	1577.143857
-66.463738	-70.960093	7.975000	1577.312253
-66.222955	-71.027408	7.984000	1577.478653
-65.982225	-71.094629	7.992000	1577.643213
-65.741346	-71.161881	8.001000	1577.805942
-65.500616	-71.229094	8.010000	1577.966600
-65.259834	-71.296393	8.018000	1578.125193
-65.019104	-71.363598	8.027000	1578.281883
-64.778322	-71.430889	8.035000	1578.436473
-64.537540	-71.498176	8.044000	1578.589037
-64.296811	-71.565369	8.053000	1578.739667
-64.056029	-71.632648	8.061000	1578.888185
-63.815152	-71.699867	8.070000	1579.034861
-63.574370	-71.767138	8.078000	1579.179290
-63.333641	-71.834315	8.087000	1579.321746
-63.092860	-71.901578	8.095000	1579.462046
-62.852080	-71.968837	8.104000	1579.600300
-62.611299	-72.036092	8.112000	1579.736510
-62.370518	-72.103343	8.121000	1579.870679
-62.129738	-72.170590	8.129000	1580.002809
-61.888957	-72.237832	8.138000	1580.132904
-61.648273	-72.305127	8.146000	1580.260775
-61.407493	-72.372362	8.155000	1580.386808
-61.166714	-72.439593	8.163000	1580.510813
-60.925934	-72.506819	8.171000	1580.632793
-60.685102	-72.574133	8.180000	1580.752649
-60.444322	-72.641351	8.188000	1580.870588
-60.203543	-72.708566	8.197000	1580.986512
-59.962764	-72.775777	8.205000	1581.100421
-59.722028	-72.843129	8.214000	1581.212031
-59.481250	-72.910332	8.222000	1581.321952
-59.240471	-72.977530	8.231000	1581.429903
-58.999640	-73.044816	8.239000	1581.535777
-58.758958	-73.112062	8.248000	1581.639611
-58.518127	-73.179339	8.257000	1581.741559
-58.277349	-73.246521	8.266000	1581.841659
-58.036518	-73.313790	8.275000	1581.939696
-57.795837	-73.381020	8.284000	1582.035706
-57.555006	-73.448281	8.293000	1582.129819
-57.314176	-73.515537	8.303000	1582.221952
-57.073495	-73.582755	8.312000	1582.312026
-56.832665	-73.650004	8.321000	1582.400163
-56.591836	-73.717248	8.331000	1582.486285
-56.351103	-73.784545	8.340000	1582.570198
-56.110326	-73.851691	8.349000	1582.652370
-55.869593	-73.918979	8.359000	1582.732194
-55.628764	-73.986207	8.368000	1582.810133
-55.388031	-74.053488	8.378000	1582.885820
-55.147202	-74.120708	8.387000	1582.959598
-54.906470	-74.187980	8.397000	1583.031111
-54.665641	-74.255192	8.407000	1583.100719
-54.424909	-74.322456	8.416000	1583.168056
-54.184081	-74.389660	8.426000	1583.233464
-53.943349	-74.456916	8.436000	1583.296581
-53.702469	-74.524203	8.446000	1583.357619
-53.461737	-74.591451	8.456000	1583.416468
-53.220910	-74.658639	8.466000	1583.473340
-52.980179	-74.725878	8.476000	1583.527893
-52.739448	-74.793114	8.486000	1583.580352
-52.498568	-74.860380	8.497000	1583.630759
-52.257837	-74.927608	8.507000	1583.679019
-52.017054	-74.994922	8.517000	1583.725041
-51.776227	-75.062085	8.528000	1583.769249
-51.535497	-75.129301	8.538000	1583.811167
-51.294714	-75.196603	8.549000	1583.850826
-51.053888	-75.263754	8.560000	1583.888653
-50.813105	-75.331048	8.569000	1583.924041
-50.572323	-75.398338	8.579000	1583.957283
-50.331593	-75.465533	8.589000	1583.988514
-50.090811	-75.532814	8.599000	1584.017472
-49.849933	-75.600036	8.609000	1584.044458
-49.609204	-75.667219	8.619000	1584.069271
-49.368423	-75.734489	8.629000	1584.091797
-49.127641	-75.801754	8.639000	1584.112169
-48.886860	-75.869015	8.650000	1584.130381
-48.646079	-75.936272	8.660000	1584.146428
-48.405202	-76.003470	8.671000	1584.160466
-48.164473	-76.070628	8.681000	1584.172307
-47.923692	-76.137874	8.692000	1584.181830
-47.682912	-76.205115	8.703000	1584.189226
-47.442131	-76.272351	8.714000	1584.194498
-47.201299	-76.339675	8.725000	1584.197492
-46.960519	-76.406904	8.736000	1584.198486
-46.719739	-76.474128	8.747000	1584.197326
-46.478959	-76.541349	8.759000	1584.194001
-46.238179	-76.608566	8.770000	1584.188502
-45.997399	-76.675778	8.782000	1584.180817
-45.756567	-76.743077	8.794000	1584.170788
-45.515788	-76.810282	8.806000	1584.158711
-45.275105	-76.877538	8.818000	1584.144281
-45.034274	-76.944825	8.830000	1584.127648
-44.793495	-77.012017	8.842000	1584.108951
-44.552664	-77.079296	8.854000	1584.087874
-44.311885	-77.146480	8.867000	1584.064717
-44.071054	-77.213751	8.879000	1584.039159
-43.830276	-77.280927	8.892000	1584.011505
-43.589541	-77.348245	8.905000	1583.981279
-43.348764	-77.415413	8.917000	1583.949090
-43.107933	-77.482667	8.929000	1583.914463
-42.867103	-77.549917	8.941000	1583.877544
-42.626422	-77.617129	8.954000	1583.838342
-42.385592	-77.684371	8.966000	1583.796840
-42.144762	-77.751609	8.978000	1583.753054
-41.903932	-77.818843	8.991000	1583.706992
-41.663251	-77.886038	9.003000	1583.658674
-41.422422	-77.953264	9.016000	1583.608077
-41.181593	-78.020486	9.029000	1583.555220
-40.940860	-78.087759	9.042000	1583.499968
-40.700031	-78.154973	9.055000	1583.442624
-40.459298	-78.222238	9.068000	1583.382906
-40.218470	-78.289443	9.081000	1583.321112
-39.977641	-78.356645	9.095000	1583.257102
-39.736909	-78.423898	9.108000	1583.190741
-39.496028	-78.491182	9.122000	1583.122150
-39.255297	-78.558427	9.136000	1583.051391
-39.014469	-78.625612	9.150000	1582.978586
-38.773737	-78.692849	9.164000	1582.903457
-38.532857	-78.760116	9.178000	1582.826119
-38.292126	-78.827345	9.192000	1582.746643
-38.051298	-78.894513	9.206000	1582.665144
-37.810515	-78.961824	9.221000	1582.581173
-37.569784	-79.029041	9.235000	1582.495224
-37.328957	-79.096197	9.250000	1582.407254
-37.088174	-79.163496	9.264000	1582.316801
-36.847295	-79.230735	9.279000	1582.224309
-36.606564	-79.297935	9.294000	1582.129676
-36.365782	-79.365221	9.309000	1582.032671
-36.124955	-79.432358	9.324000	1581.933786
-35.884173	-79.499636	9.340000	1581.832381
-35.643391	-79.566910	9.355000	1581.728767
-35.402565	-79.634034	9.369000	1581.623253
-35.161783	-79.701300	9.383000	1581.515198
-34.921001	-79.768562	9.397000	1581.404913
-34.680219	-79.835820	9.411000	1581.292390
-34.439438	-79.903074	9.425000	1581.177622
-34.198560	-79.970268	9.440000	1581.060734
-33.957832	-80.037423	9.454000	1580.941646
-33.717050	-80.104665	9.469000	1580.820104
-33.476269	-80.171902	9.483000	1580.696290
-33.235489	-80.239136	9.498000	1580.570196
-32.994708	-80.306365	9.513000	1580.441815
-32.753779	-80.373625	9.527000	1580.311075
-32.512998	-80.440846	9.542000	1580.178112
-32.272218	-80.508063	9.557000	1580.042907
-32.031438	-80.575276	9.573000	1579.905460
-31.790658	-80.642485	9.588000	1579.765770
-31.549825	-80.709780	9.603000	1579.623637
-31.309046	-80.776981	9.618000	1579.479450
-31.068266	-80.844177	9.634000	1579.333013
-30.827434	-80.911460	9.649000	1579.184123
-30.586655	-80.978649	9.665000	1579.033178
-30.345876	-81.045833	9.681000	1578.879977
-30.105044	-81.113104	9.696000	1578.724318
-29.864265	-81.180280	9.712000	1578.566601
-29.623434	-81.247542	9.728000	1578.406422
-29.382603	-81.314801	9.744000	1578.243981
-29.141921	-81.382020	9.760000	1578.079363
-28.901090	-81.449271	9.776000	1577.912396
-28.660312	-81.516426	9.792000	1577.743370
-28.419481	-81.583668	9.809000	1577.571872
-28.178651	-81.650906	9.825000	1577.398107
-27.937820	-81.718140	9.841000	1577.222074
-27.697086	-81.785426	9.855000	1577.043656
-27.456309	-81.852561	9.869000	1576.863300
-27.215479	-81.919782	9.882000	1576.680512
-26.974649	-81.987000	9.896000	1576.495507
-26.733916	-82.054269	9.910000	1576.308162
-26.493087	-82.121478	9.924000	1576.118693
-26.252257	-82.188683	9.937000	1575.926982
-26.011524	-82.255940	9.951000	1575.732912
-25.770695	-82.323137	9.965000	1575.536703
-25.529866	-82.390330	9.980000	1575.338237
-25.289081	-82.457665	9.994000	1575.137182
-25.048253	-82.524850	10.008000	1574.934188
-24.807424	-82.592030	10.022000	1574.728922
-24.566692	-82.659262	10.036000	1574.521273
-24.325812	-82.726525	10.051000	1574.311229
-24.085080	-82.793749	10.065000	1574.099013
-23.844252	-82.860913	10.079000	1573.884614
-23.603468	-82.928220	10.094000	1573.667589
-23.362640	-82.995375	10.108000	1573.448593
-23.121909	-83.062583	10.123000	1573.227187
-22.881029	-83.129821	10.137000	1573.003350
-22.640298	-83.197021	10.152000	1572.777319
-22.399418	-83.264251	10.166000	1572.548845
-22.158635	-83.331532	10.181000	1572.317946
-21.917808	-83.398663	10.196000	1572.085052
-21.677025	-83.465937	10.210000	1571.849509
-21.436243	-83.533206	10.225000	1571.611658
-21.195416	-83.600325	10.240000	1571.371837
-20.954634	-83.667586	10.255000	1571.129392
-20.713851	-83.734843	10.270000	1570.884665
-20.472973	-83.802040	10.284000	1570.637761
-20.232191	-83.869289	10.299000	1570.388492
-19.991409	-83.936534	10.313000	1570.136966
-19.750583	-84.003628	10.326000	1569.883525
-19.509801	-84.070864	10.339000	1569.627511
-19.269020	-84.138097	10.352000	1569.369266
-19.028186	-84.205415	10.365000	1569.108560
-18.787405	-84.272639	10.379000	1568.845878
-18.546527	-84.339803	10.392000	1568.581084
-18.305746	-84.407019	10.405000	1568.314000
-18.064965	-84.474231	10.419000	1568.044729
-17.824185	-84.541439	10.432000	1567.773278
-17.583404	-84.608642	10.446000	1567.499657
-17.342571	-84.675932	10.459000	1567.223612
-17.101694	-84.743071	10.472000	1566.945711
-16.860914	-84.810262	10.486000	1566.665510
-16.620082	-84.877540	10.499000	1566.382857
-16.379302	-84.944723	10.513000	1566.098246
-16.138469	-85.011992	10.526000	1565.811187
-15.897690	-85.079167	10.539000	1565.522178
-15.656858	-85.146428	10.553000	1565.230725
-15.416078	-85.213594	10.566000	1564.937329
-15.175247	-85.280847	10.580000	1564.641492
-14.934468	-85.348005	10.593000	1564.343721
-14.693636	-85.415249	10.607000	1564.043513
-14.452805	-85.482490	10.620000	1563.741124
-14.212122	-85.549692	10.634000	1563.436727
-13.971291	-85.616924	10.647000	1563.129984
-13.730460	-85.684152	10.661000	1562.821067
-13.489629	-85.751375	10.674000	1562.509981
-13.248799	-85.818595	10.688000	1562.196726
-13.007968	-85.885811	10.701000	1561.881307
-12.767138	-85.953022	10.715000	1561.563716
-12.526404	-86.020285	10.728000	1561.243857
-12.285574	-86.087489	10.742000	1560.921891
-12.044744	-86.154688	10.755000	1560.597751
-11.803914	-86.221883	10.768000	1560.271467
-11.563180	-86.289129	10.781000	1559.942967
-11.322351	-86.356316	10.794000	1559.612404
-11.081522	-86.423499	10.808000	1559.279699
-10.840692	-86.490677	10.821000	1558.944852
-10.599959	-86.557907	10.834000	1558.607786
-10.359078	-86.625168	10.847000	1558.268384
-10.118249	-86.692334	10.860000	1557.927104
-9.877516	-86.759552	10.873000	1557.583603
-9.636635	-86.826800	10.886000	1557.237762
-9.395903	-86.894009	10.900000	1556.889968
-9.155022	-86.961249	10.913000	1556.539829
-8.914194	-87.028395	10.926000	1556.187811
-8.673409	-87.095682	10.939000	1555.833301
-8.432582	-87.162819	10.952000	1555.476984
-8.191797	-87.230099	10.965000	1555.118170
-7.950970	-87.297227	10.978000	1554.757519
-7.710186	-87.364498	10.991000	1554.394335
-7.469306	-87.431709	11.004000	1554.029030
-7.228575	-87.498882	11.017000	1553.661743
-6.987792	-87.566140	11.030000	1553.291991
-6.746912	-87.633339	11.043000	1552.920128
-6.506129	-87.700589	11.056000	1552.546030
-6.265250	-87.767779	11.069000	1552.169840
-6.024519	-87.834931	11.081000	1551.791715
-5.783737	-87.902169	11.094000	1551.411171
-5.542858	-87.969347	11.107000	1551.028561
-5.302075	-88.036576	11.120000	1550.643765
-5.061293	-88.103802	11.133000	1550.256857
-4.820415	-88.170967	11.145000	1549.867911
-4.579633	-88.238184	11.159000	1549.476808
-4.338798	-88.305488	11.173000	1549.083336
-4.097920	-88.372641	11.187000	1548.688136
-3.857139	-88.439846	11.201000	1548.290810
-3.616357	-88.507046	11.214000	1547.891429
-3.375576	-88.574243	11.228000	1547.489982
-3.134742	-88.641525	11.242000	1547.086165
-2.893961	-88.708714	11.255000	1546.680566
-2.653084	-88.775842	11.269000	1546.272963
-2.412250	-88.843112	11.282000	1545.862959
-2.171469	-88.910288	11.296000	1545.451205
-1.930636	-88.977550	11.309000	1545.037125
-1.689856	-89.044717	11.323000	1544.621318
-1.449023	-89.111971	11.336000	1544.203200
-1.208243	-89.179130	11.350000	1543.783363
-0.967410	-89.246375	11.363000	1543.361216
-0.726578	-89.313616	11.376000	1542.937056
-0.485798	-89.380763	11.390000	1542.511183
-0.244966	-89.447996	11.403000	1542.083003
-0.004135	-89.515225	11.416000	1541.652816
0.236698	-89.582449	11.429000	1541.220622
0.477477	-89.649579	11.442000	1540.786724
0.718309	-89.716796	11.456000	1540.350525
0.959140	-89.784008	11.469000	1539.912325
1.199972	-89.851216	11.482000	1539.472119
1.440803	-89.918420	11.495000	1539.029871
1.681634	-89.985619	11.507000	1538.585578
1.922369	-90.052871	11.520000	1538.139193
2.163200	-90.120062	11.533000	1537.690817
2.404030	-90.187249	11.546000	1537.240404
2.644861	-90.254433	11.559000	1536.787956
2.885691	-90.321611	11.571000	1536.333475
3.126478	-90.388932	11.586000	1535.876610
3.367308	-90.456103	11.600000	1535.418071
3.608138	-90.523269	11.615000	1534.957509
3.848968	-90.590432	11.629000	1534.494935
4.089754	-90.657736	11.643000	1534.030007
4.330584	-90.724890	11.657000	1533.563447
4.571413	-90.792040	11.672000	1533.094913
4.812199	-90.859332	11.686000	1532.624061
5.053028	-90.926473	11.700000	1532.151616
5.293910	-90.993701	11.714000	1531.676918
5.534642	-91.060890	11.728000	1531.200569
5.775524	-91.128109	11.742000	1530.722032
6.016309	-91.195380	11.756000	1530.241518
6.257137	-91.262501	11.769000	1529.759416
6.498018	-91.329708	11.783000	1529.275064
6.738803	-91.396967	11.797000	1528.788752
6.979631	-91.464075	11.810000	1528.300892
7.220415	-91.531325	11.824000	1527.810781
7.461296	-91.598515	11.838000	1527.318825
7.702080	-91.665757	11.851000	1526.824963
7.942864	-91.732995	11.864000	1526.329246
8.183744	-91.800173	11.878000	1525.831721
8.424527	-91.867402	11.891000	1525.332327
8.665407	-91.934571	11.904000	1524.831140
8.906191	-92.001793	11.917000	1524.328089
9.146974	-92.069010	11.931000	1523.823216
9.387853	-92.136166	11.944000	1523.316556
9.628636	-92.203375	11.957000	1522.808045
9.869419	-92.270580	11.969000	1522.297721
10.110298	-92.337724	11.982000	1521.785622
10.351080	-92.404920	11.995000	1521.271684
10.591916	-92.472202	12.008000	1520.755597
10.832794	-92.539334	12.023000	1520.238012
11.073576	-92.606518	12.037000	1519.718538
11.314411	-92.673787	12.052000	1519.196881
11.555193	-92.740963	12.066000	1518.673706
11.796027	-92.808224	12.080000	1518.148357
12.036905	-92.875335	12.095000	1517.621530
12.277687	-92.942498	12.109000	1517.092841
12.518521	-93.009747	12.123000	1516.561988
12.759354	-93.076991	12.137000	1516.029309
13.000136	-93.144141	12.151000	1515.495145
13.240969	-93.211378	12.165000	1514.958829
13.481803	-93.278610	12.179000	1514.420701
13.722583	-93.345748	12.193000	1513.881098
13.963417	-93.412971	12.207000	1513.339354
14.204250	-93.480191	12.221000	1512.795819
14.445083	-93.547406	12.234000	1512.250508
14.685863	-93.614528	12.248000	1511.703777
14.926695	-93.681735	12.261000	1511.154958
15.167528	-93.748938	12.275000	1510.604403
15.408360	-93.816136	12.288000	1510.052073
15.649192	-93.883331	12.301000	1509.497969
15.890024	-93.950521	12.315000	1508.942107
16.130856	-94.017707	12.328000	1508.384500
16.371688	-94.084889	12.341000	1507.825164
16.612520	-94.152067	12.354000	1507.264113
16.853404	-94.219331	12.366000	1506.701016
17.094139	-94.286556	12.379000	1506.136559
17.334971	-94.353722	12.392000	1505.570450
17.575802	-94.420883	12.405000	1505.002685
17.816685	-94.488130	12.417000	1504.432928
18.057516	-94.555283	12.430000	1503.861890
18.298251	-94.622487	12.442000	1503.289220
18.539134	-94.689722	12.455000	1502.714617
18.779965	-94.756862	12.469000	1502.138764
19.020752	-94.824144	12.482000	1501.560933
19.261582	-94.891276	12.495000	1500.981867
19.502464	-94.958494	12.508000	1500.400855
19.743198	-95.025673	12.520000	1499.818592
19.984081	-95.092883	12.533000	1499.234378
20.224910	-95.159998	12.546000	1498.648872
20.465696	-95.227255	12.558000	1498.061360
20.706578	-95.294452	12.571000	1497.472236
20.947364	-95.361701	12.583000	1496.881479
21.188193	-95.428799	12.596000	1496.289482
21.429075	-95.495983	12.608000	1495.695529
21.669860	-95.563219	12.620000	1495.099972
21.910741	-95.630395	12.632000	1494.502844
22.151527	-95.697623	12.644000	1493.904131
22.392312	-95.764847	12.656000	1493.303852
22.633192	-95.832010	12.668000	1492.702028
22.873977	-95.899225	12.680000	1492.098646
23.114858	-95.966380	12.691000	1491.493734
23.355642	-96.033587	12.703000	1490.887282
23.596523	-96.100734	12.714000	1490.279316
23.837307	-96.167932	12.726000	1489.669827
24.078091	-96.235126	12.737000	1489.058828
24.319023	-96.302350	12.748000	1488.445976
24.559807	-96.369536	12.759000	1487.831976
24.800591	-96.436718	12.770000	1487.216425
25.041523	-96.503929	12.781000	1486.598972
25.282306	-96.571103	12.792000	1485.980343
25.523089	-96.638272	12.803000	1485.360193
25.763925	-96.705527	12.814000	1484.738167
26.004804	-96.772631	12.824000	1484.115016
26.245640	-96.839878	12.835000	1483.490007
26.486422	-96.907030	12.845000	1482.863892
26.727258	-96.974269	12.855000	1482.235947
26.968093	-97.041503	12.865000	1481.606551
27.208875	-97.108642	12.875000	1480.976088
27.449806	-97.175812	12.885000	1480.343832
27.690640	-97.243033	12.895000	1479.710157
27.931422	-97.310160	12.905000	1479.075451
28.172256	-97.377373	12.915000	1478.438983
28.413091	-97.444582	12.924000	1477.801135
28.653925	-97.511787	12.934000	1477.161919
28.894759	-97.578987	12.943000	1476.521346
29.135593	-97.646183	12.953000	1475.879409
29.376426	-97.713375	12.962000	1475.236053
29.617260	-97.780563	12.971000	1474.591265
29.858093	-97.847747	12.980000	1473.945059
30.098927	-97.914926	12.989000	1473.297447
30.339760	-97.982101	12.998000	1472.648442
30.580593	-98.049272	13.006000	1471.998056
30.821426	-98.116439	13.015000	1471.346302
31.062162	-98.183658	13.024000	1470.693193
31.303048	-98.250906	13.032000	1470.038361
31.543880	-98.318060	13.040000	1469.382577
31.784712	-98.385210	13.049000	1468.725474
32.025597	-98.452446	13.057000	1468.066685
32.266429	-98.519588	13.065000	1467.406982
32.507165	-98.586781	13.073000	1466.746002
32.748050	-98.654004	13.081000	1466.083368
32.988881	-98.721133	13.089000	1465.419859
33.229766	-98.788348	13.096000	1464.754722
33.470501	-98.855525	13.104000	1464.088741
33.711385	-98.922731	13.111000	1463.421153
33.952269	-98.989933	13.119000	1462.752320
34.193004	-99.057097	13.127000	1462.082581
34.433887	-99.124291	13.135000	1461.411152
34.674770	-99.191480	13.142000	1460.738437
34.915505	-99.258632	13.150000	1460.064840
35.156388	-99.325813	13.157000	1459.389590
35.397175	-99.393046	13.164000	1458.713099
35.638058	-99.460218	13.172000	1458.035366
35.878941	-99.527387	13.179000	1457.356412
36.119727	-99.594607	13.186000	1456.676255
36.360610	-99.661767	13.193000	1455.994895
36.601396	-99.728979	13.199000	1455.312359
36.842278	-99.796130	13.206000	1454.628645
37.083064	-99.863334	13.213000	1453.943781
37.323850	-99.930533	13.219000	1453.257773
37.564732	-99.997672	13.226000	1452.570623
37.805517	-100.064863	13.232000	1451.882363
38.046399	-100.131993	13.238000	1451.192986
38.287237	-100.199266	13.244000	1450.502132
38.528022	-100.266444	13.250000	1449.810575
38.768903	-100.333562	13.256000	1449.117854
39.009741	-100.400821	13.262000	1448.423599
39.250525	-100.467987	13.268000	1447.728597
39.491459	-100.535182	13.273000	1447.032047
39.732243	-100.602339	13.279000	1446.334770
39.973028	-100.669492	13.284000	1445.636375
40.213961	-100.736674	13.289000	1444.936466
40.454797	-100.803909	13.295000	1444.235474
40.695581	-100.871049	13.300000	1443.533797
40.936418	-100.938275	13.305000	1442.830655
41.177202	-101.005407	13.310000	1442.126853
41.418134	-101.072568	13.314000	1441.421598
41.658970	-101.139781	13.322000	1440.715322
41.899806	-101.206990	13.330000	1440.008026
42.140642	-101.274195	13.337000	1439.299722
42.381425	-101.341306	13.344000	1438.590820
42.622261	-101.408502	13.352000	1437.880534
42.863096	-101.475694	13.359000	1437.169275
43.103931	-101.542882	13.366000	1436.457053
43.344767	-101.610066	13.373000	1435.743813
43.585602	-101.677245	13.380000	1435.029538
43.826436	-101.744420	13.386000	1434.314240
44.067271	-101.811591	13.393000	1433.597931
44.308106	-101.878758	13.400000	1432.880623
44.548993	-101.946011	13.406000	1432.161914
44.789828	-102.013169	13.412000	1431.442616
45.030662	-102.080323	13.419000	1430.722342
45.271496	-102.147473	13.425000	1430.001105
45.512383	-102.214708	13.431000	1429.278512
45.753216	-102.281850	13.437000	1428.555387
45.993954	-102.349043	13.443000	1427.831354
46.234840	-102.416266	13.448000	1427.105989
46.475674	-102.483395	13.454000	1426.380131
46.716560	-102.550609	13.460000	1425.652983
46.957393	-102.617729	13.465000	1424.925369
47.198183	-102.684991	13.470000	1424.196509
47.439016	-102.752103	13.476000	1423.467191
47.679901	-102.819301	13.481000	1422.736634
47.920734	-102.886404	13.486000	1422.005625
48.161523	-102.953649	13.491000	1421.273321
48.402408	-103.020834	13.496000	1420.540104
48.643293	-103.088014	13.500000	1419.806007
48.884029	-103.155157	13.505000	1419.071469
49.124914	-103.222329	13.510000	1418.335650
49.365702	-103.289553	13.509000	1417.599009
49.606587	-103.356716	13.508000	1416.861493
49.847471	-103.423876	13.508000	1416.123104
50.088259	-103.491087	13.507000	1415.383880
50.329143	-103.558238	13.506000	1414.643802
50.569931	-103.625440	13.505000	1413.902929
50.810815	-103.692583	13.504000	1413.161239
51.051602	-103.759777	13.503000	1412.418794
51.292486	-103.826911	13.501000	1411.675571
51.533273	-103.894097	13.500000	1410.931631
51.774209	-103.961312	13.498000	1410.186537
52.014996	-104.028489	13.497000	1409.441176
52.255783	-104.095662	13.495000	1408.695134
52.496666	-104.162775	13.493000	1407.948392
52.737505	-104.230030	13.491000	1407.200520
52.978388	-104.297134	13.489000	1406.452311
53.219227	-104.364380	13.487000	1405.702999
53.460013	-104.431532	13.485000	1404.953411
53.700948	-104.498713	13.483000	1404.202713
53.941734	-104.565856	13.481000	1403.451798
54.182573	-104.633085	13.478000	1402.699832
54.423358	-104.700220	13.476000	1401.947665
54.664293	-104.767384	13.473000	1401.194452
54.905078	-104.834511	13.470000	1400.441048
55.145916	-104.901723	13.467000	1399.686606
55.386754	-104.968931	13.464000	1398.931552
55.627592	-105.036134	13.461000	1398.175898
55.868525	-105.103277	13.458000	1397.419631
56.109310	-105.170382	13.455000	1396.663227
56.350148	-105.237573	13.452000	1395.905839
56.590985	-105.304759	13.448000	1395.147894
56.831822	-105.371942	13.445000	1394.389404
57.072659	-105.439120	13.435000	1393.630376
57.313496	-105.506293	13.425000	1392.870751
57.554333	-105.573463	13.415000	1392.110509
57.795169	-105.640628	13.405000	1391.349660
58.036006	-105.707789	13.395000	1390.588218
58.276842	-105.774946	13.385000	1389.826192
58.517731	-105.842188	13.374000	1389.063173
58.758567	-105.909337	13.364000	1388.300013
58.999403	-105.976480	13.353000	1387.536303
59.240239	-106.043620	13.343000	1386.772054
59.481127	-106.110845	13.332000	1386.006856
59.721963	-106.177977	13.321000	1385.241561
59.962851	-106.245193	13.310000	1384.475334
60.203590	-106.312372	13.299000	1383.709054
60.444425	-106.379491	13.288000	1382.942262
60.685313	-106.446695	13.277000	1382.174574
60.926200	-106.513895	13.266000	1381.406423
61.167035	-106.581000	13.255000	1380.638245
61.407827	-106.648248	13.243000	1379.869233
61.648661	-106.715345	13.232000	1379.100194
61.889548	-106.782528	13.220000	1378.330275
62.130435	-106.849706	13.208000	1377.559851
62.371226	-106.916936	13.197000	1376.788960
62.612060	-106.984016	13.185000	1376.017988
62.852946	-107.051182	13.173000	1375.246127
63.093737	-107.118400	13.161000	1374.473838
63.334623	-107.185557	13.149000	1373.701083
63.575413	-107.252766	13.137000	1372.927927
63.816299	-107.319915	13.124000	1372.154330
64.057185	-107.387059	13.112000	1371.380331
64.297975	-107.454255	13.099000	1370.605969
64.538860	-107.521391	13.087000	1369.831204
64.779650	-107.588579	13.074000	1369.056101
65.020535	-107.655706	13.061000	1368.280601
65.261325	-107.722885	13.048000	1367.504746
65.502262	-107.790094	13.035000	1366.728075
65.743051	-107.857264	13.022000	1365.951508
65.983936	-107.924375	13.009000	1365.174585
66.224725	-107.991537	12.996000	1364.397373
66.465566	-108.058785	12.983000	1363.619416
66.706451	-108.125882	12.969000	1362.841479
66.947292	-108.193121	12.956000	1362.062770
67.188080	-108.260266	12.942000	1361.284132
67.429017	-108.327441	12.929000	1360.504704
67.669805	-108.394577	12.915000	1359.725407
67.910645	-108.461799	12.901000	1358.945378
68.151529	-108.528871	12.887000	1358.165461
68.392369	-108.596084	12.873000	1357.384871
68.633209	-108.663294	12.859000	1356.604023
68.873996	-108.730409	12.845000	1355.823363
69.114932	-108.797553	12.831000	1355.042022
69.355772	-108.864750	12.817000	1354.260498
69.596612	-108.931942	12.802000	1353.478779
69.837398	-108.999040	12.788000	1352.697310
70.078238	-109.066224	12.774000	1351.915242
70.319077	-109.133403	12.759000	1351.132989
70.560012	-109.200522	12.744000	1350.350534
70.800851	-109.267692	12.730000	1349.567939
71.041690	-109.334859	12.715000	1348.785184
71.282528	-109.402021	12.700000	1348.002202
71.523367	-109.469179	12.685000	1347.218980
71.764205	-109.536333	12.670000	1346.435529
72.005096	-109.603572	12.655000	1345.651431
72.245935	-109.670717	12.640000	1344.867557
72.486773	-109.737858	12.625000	1344.083489
72.727611	-109.804994	12.611000	1343.299238
72.968501	-109.872216	12.596000	1342.514386
73.209339	-109.939344	12.581000	1341.729803
73.450176	-110.006468	12.566000	1340.945072
73.690971	-110.073733	12.551000	1340.159799
73.931808	-110.140849	12.536000	1339.374803
74.172698	-110.208049	12.521000	1338.589262
74.413535	-110.275156	12.505000	1337.804047
74.654424	-110.342348	12.490000	1337.018309
74.895261	-110.409446	12.475000	1336.232920
75.136054	-110.476686	12.459000	1335.447055
75.376944	-110.543865	12.444000	1334.661079
75.617780	-110.610950	12.428000	1333.875455
75.858669	-110.678120	12.413000	1333.089278
76.099462	-110.745343	12.397000	1332.302973
76.340350	-110.812505	12.381000	1331.516502
76.581186	-110.879573	12.365000	1330.730340
76.821979	-110.946783	12.349000	1329.943667
77.062867	-111.013932	12.334000	1329.156877
77.303755	-111.081077	12.318000	1328.370013
77.544547	-111.148274	12.301000	1327.583115
77.785435	-111.215410	12.285000	1326.796148
78.026227	-111.282598	12.269000	1326.009179
78.267115	-111.349726	12.253000	1325.222170
78.507906	-111.416906	12.237000	1324.435189
78.748846	-111.484114	12.220000	1323.647767
78.989638	-111.551285	12.204000	1322.860833
79.230525	-111.618396	12.187000	1322.073920
79.471316	-111.685559	12.171000	1321.287092
79.712256	-111.752750	12.154000	1320.499880
79.953046	-111.819904	12.138000	1319.713215
80.193933	-111.886997	12.123000	1318.926626
80.434776	-111.954233	12.108000	1318.139700
80.675567	-112.021374	12.093000	1317.353189
80.916506	-112.088544	12.078000	1316.566211
81.157296	-112.155676	12.063000	1315.779695
81.398235	-112.222838	12.048000	1314.992737
81.639024	-112.289962	12.033000	1314.206264
81.879867	-112.357171	12.017000	1313.419399
82.120709	-112.424376	12.002000	1312.632586
82.361595	-112.491431	11.987000	1311.846243
82.602437	-112.558627	11.971000	1311.059569
82.843279	-112.625819	11.956000	1310.272983
83.084068	-112.692917	11.941000	1309.486927
83.325006	-112.760044	11.925000	1308.700525
83.565847	-112.827224	11.909000	1307.914270
83.806689	-112.894398	11.894000	1307.128148
84.047530	-112.961569	11.878000	1306.342171
84.288371	-113.028735	11.863000	1305.556350
84.529213	-113.095897	11.847000	1304.770696
84.770054	-113.163055	11.831000	1303.985219
85.010894	-113.230208	11.815000	1303.199919
85.251735	-113.297357	11.799000	1302.414725
85.492576	-113.364502	11.783000	1301.629632
85.733469	-113.431732	11.767000	1300.844201
85.974309	-113.498868	11.751000	1300.059305
86.215149	-113.566000	11.735000	1299.274525
86.455989	-113.633128	11.719000	1298.489872
86.696882	-113.700341	11.703000	1297.704926
86.937722	-113.767460	11.687000	1296.920565
87.178562	-113.834574	11.671000	1296.136367
87.419454	-113.901774	11.654000	1295.351912
87.660293	-113.968880	11.638000	1294.568078
87.901185	-114.036072	11.624000	1293.784012
88.142024	-114.103169	11.610000	1293.000590
88.382820	-114.170408	11.596000	1292.216984
88.623712	-114.237587	11.582000	1291.433590
88.864551	-114.304671	11.567000	1290.650878
89.105442	-114.371841	11.553000	1289.867994
89.346333	-114.439006	11.539000	1289.085382
89.587076	-114.506134	11.525000	1288.303506
89.827967	-114.573291	11.510000	1287.521398
90.068858	-114.640444	11.496000	1286.739493
90.309653	-114.707648	11.482000	1285.957825
90.550543	-114.774792	11.467000	1285.176360
90.791434	-114.841932	11.453000	1284.395115
91.032228	-114.909123	11.438000	1283.614109
91.273119	-114.976254	11.424000	1282.833312
91.514009	-115.043381	11.409000	1282.052756
91.754803	-115.110560	11.394000	1281.272474
91.995693	-115.177678	11.380000	1280.492435
92.236487	-115.244848	11.365000	1279.712692
92.477376	-115.311957	11.350000	1278.933215
92.718170	-115.379119	11.336000	1278.154058
92.959112	-115.446309	11.321000	1277.374757
93.199905	-115.513462	11.306000	1276.596229
93.440794	-115.580554	11.291000	1275.818013
93.681640	-115.647788	11.277000	1275.039729
93.922529	-115.714871	11.262000	1274.262210
94.163322	-115.782007	11.247000	1273.485076
94.404167	-115.849228	11.232000	1272.707837
94.645056	-115.916298	11.217000	1271.931295
94.885901	-115.983510	11.202000	1271.154636
95.126693	-116.050629	11.187000	1270.378714
95.367634	-116.117776	11.172000	1269.602661
95.608479	-116.184975	11.159000	1268.826954
95.849271	-116.252080	11.146000	1268.052011
96.090115	-116.319271	11.134000	1267.276965
96.331055	-116.386401	11.121000	1266.502236
96.571900	-116.453583	11.108000	1265.727872
96.812691	-116.520671	11.095000	1264.954294
97.053535	-116.587844	11.082000	1264.180653
97.294475	-116.654956	11.069000	1263.407370
97.535319	-116.722121	11.056000	1262.634492
97.776162	-116.789281	11.043000	1261.862010
98.017006	-116.856437	11.030000	1261.089935
98.257849	-116.923589	11.017000	1260.318275
98.498693	-116.990736	11.004000	1259.547042
98.739536	-117.057879	10.991000	1258.776245
98.980379	-117.125018	10.978000	1258.005866
99.221275	-117.192242	10.965000	1257.235415
99.462117	-117.259372	10.952000	1256.465757
99.702960	-117.326497	10.939000	1255.696472
99.943802	-117.393619	10.926000	1254.927570
100.184698	-117.460825	10.912000	1254.158633
100.425540	-117.527938	10.899000	1253.390529
100.666382	-117.595046	10.886000	1252.622838
100.907277	-117.662240	10.873000	1251.855140
101.148119	-117.729340	10.860000	1251.088284
101.389013	-117.796524	10.846000	1250.321418
101.629855	-117.863615	10.833000	1249.555411
101.870653	-117.930848	10.820000	1248.789431
102.111494	-117.997930	10.807000	1248.024317
102.352389	-118.065098	10.793000	1247.259238
102.593282	-118.132261	10.780000	1246.494632
102.834123	-118.199330	10.767000	1245.730938
103.074921	-118.266542	10.754000	1244.967326
103.315815	-118.333692	10.742000	1244.204203
103.556708	-118.400838	10.731000	1243.441583
103.797505	-118.468036	10.719000	1242.679414
104.038399	-118.535173	10.708000	1241.917667
104.279292	-118.602306	10.696000	1241.156364
104.520036	-118.669401	10.685000	1240.395957
104.760928	-118.736525	10.673000	1239.635573
105.001874	-118.803735	10.662000	1238.875238
105.242671	-118.870906	10.650000	1238.115827
105.483563	-118.938018	10.639000	1237.356898
105.724359	-119.005181	10.627000	1236.598486
105.965251	-119.072283	10.616000	1235.840577
106.206048	-119.139438	10.604000	1235.083191
106.446939	-119.206532	10.593000	1234.326301
106.687788	-119.273767	10.581000	1233.569513
106.928680	-119.340852	10.570000	1232.813666
107.169475	-119.407989	10.558000	1232.058366
107.410419	-119.475155	10.547000	1231.303174
107.651215	-119.542284	10.535000	1230.548973
107.892063	-119.609497	10.523000	1229.794911
108.132954	-119.676561	10.512000	1229.041831
108.373801	-119.743766	10.500000	1228.288847
108.614596	-119.810877	10.489000	1227.536779
108.855540	-119.878017	10.477000	1226.784778
109.096387	-119.945209	10.466000	1226.033297
109.337182	-120.012307	10.454000	1225.282758
109.578125	-120.079434	10.443000	1224.532314
109.818972	-120.146612	10.431000	1223.782416
110.059766	-120.213697	10.420000	1223.033487
110.300612	-120.280868	10.408000	1222.284690
110.541459	-120.348034	10.397000	1221.536457
110.782401	-120.415139	10.385000	1220.788788
111.023248	-120.482296	10.374000	1220.041710
111.264094	-120.549448	10.363000	1219.295219
111.504940	-120.616597	10.353000	1218.549306
111.745786	-120.683741	10.342000	1217.803978
111.986632	-120.750881	10.331000	1217.059245
112.227478	-120.818016	10.320000	1216.315117
112.468323	-120.885147	10.309000	1215.571602
112.709169	-120.952274	10.298000	1214.828710
112.950067	-121.019486	10.288000	1214.085976
113.190912	-121.086604	10.277000	1213.344208
113.431758	-121.153717	10.266000	1212.602993
113.672655	-121.220916	10.255000	1211.861918
113.913500	-121.288021	10.245000	1211.121834
114.154345	-121.355121	10.234000	1210.382329
114.395242	-121.422307	10.223000	1209.642991
114.636087	-121.489399	10.212000	1208.904669
114.876984	-121.556576	10.202000	1208.166532
115.117828	-121.623659	10.191000	1207.429429
115.358629	-121.690884	10.180000	1206.692533
115.599473	-121.757958	10.170000	1205.956682
115.840370	-121.825117	10.159000	1205.221051
116.081267	-121.892273	10.148000	1204.486069
116.322110	-121.959334	10.138000	1203.752161
116.562911	-122.026537	10.127000	1203.018490
116.803807	-122.093679	10.116000	1202.285467
117.044703	-122.160817	10.106000	1201.553105
117.285503	-122.228006	10.095000	1200.821415
117.526399	-122.295135	10.085000	1200.090367
117.767294	-122.362260	10.074000	1199.359912
118.008094	-122.429437	10.064000	1198.630058
118.248989	-122.496552	10.053000	1197.900807
118.489885	-122.563664	10.043000	1197.172169
118.730684	-122.630828	10.031000	1196.444156
118.971579	-122.697930	10.019000	1195.716767
119.212378	-122.765085	10.008000	1194.990017
119.453273	-122.832179	9.996000	1194.263907
119.694072	-122.899325	9.985000	1193.538449
119.935019	-122.966500	9.973000	1192.813230
120.175818	-123.033638	9.962000	1192.089092
120.416712	-123.100714	9.950000	1191.365624
120.657563	-123.167932	9.939000	1190.642418
120.898457	-123.235000	9.927000	1189.920313
121.139255	-123.302120	9.916000	1189.198899
121.380106	-123.369325	9.904000	1188.477768
121.621000	-123.436380	9.893000	1187.757752
121.861850	-123.503576	9.882000	1187.038019
122.102648	-123.570679	9.870000	1186.319388
122.343594	-123.637810	9.859000	1185.600971
122.584444	-123.704993	9.848000	1184.883183
122.825241	-123.772082	9.836000	1184.166444
123.066187	-123.839200	9.825000	1183.449936
123.307037	-123.906370	9.814000	1182.734079
123.547886	-123.973536	9.803000	1182.018879
123.788736	-124.040697	9.791000	1181.304346
124.029532	-124.107764	9.780000	1180.590899
124.270382	-124.174917	9.769000	1179.877719
124.511327	-124.242009	9.758000	1179.165230
124.752176	-124.309152	9.747000	1178.453433
124.993024	-124.376292	9.736000	1177.742338
125.233873	-124.443427	9.725000	1177.031951
125.474722	-124.510557	9.714000	1176.322281
125.715623	-124.577773	9.703000	1175.612922
125.956472	-124.644895	9.692000	1174.904704
126.197320	-124.712013	9.681000	1174.197222
126.438168	-124.779126	9.667000	1173.490482
126.679016	-124.846234	9.654000	1172.784484
126.919917	-124.913428	9.640000	1172.078746
127.160765	-124.980528	9.626000	1171.374076
127.401612	-125.047624	9.613000	1170.670072
127.642513	-125.114804	9.599000	1169.966332
127.883360	-125.181891	9.586000	1169.263680
128.124260	-125.249063	9.573000	1168.561306
128.365011	-125.316198	9.559000	1167.860028
128.605911	-125.383361	9.546000	1167.159048
128.846758	-125.450430	9.532000	1166.459183
129.087658	-125.517584	9.519000	1165.759623
129.328557	-125.584734	9.506000	1165.060784
129.569308	-125.651847	9.493000	1164.363073
129.810207	-125.718988	9.479000	1163.665695
130.051106	-125.786125	9.466000	1162.969057
130.292005	-125.853257	9.453000	1162.273165
130.532756	-125.920353	9.440000	1161.578426
130.773654	-125.987476	9.427000	1160.884047
131.014553	-126.054595	9.414000	1160.190433
131.255356	-126.121767	9.401000	1159.497582
131.496254	-126.188877	9.388000	1158.805458
131.737056	-126.256040	9.375000	1158.114025
131.977954	-126.323141	9.362000	1157.423299
132.218852	-126.390239	9.349000	1156.733271
132.459707	-126.457478	9.336000	1156.043532
132.700605	-126.524566	9.323000	1155.354917
132.941407	-126.591707	9.310000	1154.667008
133.182304	-126.658786	9.297000	1153.979829
133.423106	-126.725918	9.285000	1153.293367
133.664056	-126.793078	9.272000	1152.607244
133.904857	-126.860202	9.259000	1151.922253
134.145659	-126.927320	9.242000	1151.238005
134.386608	-126.994467	9.225000	1150.554114
134.627409	-127.061577	9.209000	1149.871370
134.868263	-127.128772	9.192000	1149.188984
135.109159	-127.195817	9.175000	1148.507778
135.350013	-127.263003	9.158000	1147.826929
135.590813	-127.330095	9.141000	1147.147260
135.831762	-127.397216	9.125000	1146.467983
136.072615	-127.464389	9.108000	1145.789439
136.313468	-127.531557	9.092000	1145.111606
136.554268	-127.598632	9.075000	1144.434891
136.795217	-127.665735	9.058000	1143.758508
137.036069	-127.732890	9.042000	1143.082839
137.276922	-127.800041	9.025000	1142.407892
137.517774	-127.867188	9.009000	1141.733671
137.758626	-127.934330	8.993000	1141.060182
137.999425	-128.001378	8.976000	1140.387830
138.240373	-128.068455	8.960000	1139.715834
138.481278	-128.135673	8.944000	1139.044174
138.722130	-128.202797	8.927000	1138.373666
138.962981	-128.269917	8.911000	1137.703915
139.203833	-128.337033	8.895000	1137.034928
139.444684	-128.404144	8.879000	1136.366709
139.685535	-128.471251	8.863000	1135.699262
139.926386	-128.538353	8.847000	1135.032594
140.167290	-128.605541	8.831000	1134.366313
140.408141	-128.672634	8.815000	1133.701217
140.648896	-128.739780	8.799000	1133.036870
140.889799	-128.806955	8.783000	1132.372862
141.130650	-128.874035	8.767000	1131.709974
141.371553	-128.941200	8.751000	1131.047419
141.612403	-129.008272	8.736000	1130.385995
141.853306	-129.075428	8.719000	1129.724914
142.094156	-129.142491	8.702000	1129.064973
142.334963	-129.209695	8.685000	1128.405361
142.575866	-129.276839	8.668000	1127.746509
142.816715	-129.343888	8.652000	1127.088798
143.057618	-129.411023	8.635000	1126.431446
143.298424	-129.478209	8.618000	1125.774833
143.539326	-129.545335	8.602000	1125.119001
143.780175	-129.612367	8.585000	1124.464329
144.020981	-129.679540	8.569000	1123.810019
144.261883	-129.746653	8.552000	1123.156506
144.502785	-129.813761	8.536000	1122.503775
144.743590	-129.880921	8.520000	1121.851814
144.984492	-129.948020	8.503000	1121.200664
145.225297	-130.015171	8.487000	1120.550277
145.466198	-130.082261	8.471000	1119.900639
145.707003	-130.149404	8.455000	1119.251713
145.947957	-130.216575	8.438000	1118.603153
146.188762	-130.283708	8.422000	1117.955704
146.429663	-130.350781	8.406000	1117.309020
146.670468	-130.417906	8.390000	1116.663066
146.911421	-130.485059	8.374000	1116.017497
147.152225	-130.552175	8.358000	1115.373057
147.393125	-130.619230	8.342000	1114.729402
147.633983	-130.686426	8.327000	1114.086101
147.874787	-130.753529	8.311000	1113.443958
148.115739	-130.820660	8.295000	1112.802219
148.356543	-130.887754	8.279000	1112.161622
148.597400	-130.954933	8.264000	1111.521415
148.838299	-131.021961	8.248000	1110.882398
149.079155	-131.089131	8.232000	1110.243756
149.320012	-131.156297	8.217000	1109.605901
149.560815	-131.223369	8.201000	1108.969223
149.801671	-131.290525	8.186000	1108.332941
150.042623	-131.357621	8.171000	1107.697414
150.283478	-131.424769	8.155000	1107.062589
150.524281	-131.491823	8.140000	1106.428877
150.765137	-131.558962	8.125000	1105.795509
151.005992	-131.626096	8.110000	1105.162875
151.246847	-131.693226	8.095000	1104.530975
151.487703	-131.760352	8.080000	1103.899813
151.728558	-131.827473	8.065000	1103.269391
151.969508	-131.894533	8.050000	1102.639736
152.210363	-131.961646	8.035000	1102.010800
152.451271	-132.028843	8.020000	1101.382229
152.692125	-132.095946	8.005000	1100.754788
152.932884	-132.163102	7.990000	1100.128073
153.173738	-132.230197	7.975000	1099.502139
153.414592	-132.297287	7.961000	1098.876964
153.655499	-132.364462	7.946000	1098.252172
153.896353	-132.431544	7.931000	1097.628530
154.137207	-132.498620	7.917000	1097.005660
154.378114	-132.565782	7.902000	1096.383181
154.618967	-132.632850	7.888000	1095.761808
154.859874	-132.700003	7.873000	1095.140769
155.100631	-132.767119	7.859000	1094.520800
155.341537	-132.834263	7.844000	1093.901200
155.582443	-132.901403	7.830000	1093.282326
155.823296	-132.968449	7.816000	1092.664561
156.064106	-133.035636	7.801000	1092.047124
156.305012	-133.102762	7.787000	1091.430453
156.545864	-133.169795	7.773000	1090.814905
156.786674	-133.236969	7.759000	1090.199699
157.027579	-133.304082	7.745000	1089.585274
157.268484	-133.371190	7.732000	1088.971607
157.509294	-133.438351	7.718000	1088.358676
157.750199	-133.505451	7.705000	1087.746539
157.991008	-133.572603	7.692000	1087.135140
158.231912	-133.639694	7.679000	1086.524539
158.472817	-133.706780	7.666000	1085.914710
158.713625	-133.773918	7.653000	1085.305626
158.954530	-133.840996	7.640000	1084.697346
159.195338	-133.908126	7.627000	1084.089767
159.436146	-133.975251	7.614000	1083.482901
159.677103	-134.042404	7.602000	1082.876403
159.917911	-134.109521	7.589000	1082.270965
160.158815	-134.176576	7.576000	1081.666275
160.399676	-134.243772	7.564000	1081.061898
160.640579	-134.310819	7.551000	1080.458648
160.881387	-134.377917	7.538000	1079.856089
161.122247	-134.445101	7.526000	1079.253880
161.363054	-134.512190	7.513000	1078.652771
161.604010	-134.579308	7.501000	1078.052048
161.844817	-134.646389	7.489000	1077.452396
162.085677	-134.713555	7.478000	1076.853104
162.326632	-134.780659	7.466000	1076.254578
162.567439	-134.847726	7.455000	1075.657127
162.808299	-134.914879	7.444000	1075.060042
163.049158	-134.982026	7.432000	1074.463695
163.289964	-135.049081	7.421000	1073.868462
163.530824	-135.116219	7.410000	1073.273604
163.771778	-135.183297	7.398000	1072.679490
164.012637	-135.250427	7.387000	1072.086031
164.253496	-135.317553	7.376000	1071.493262
164.494355	-135.384674	7.365000	1070.901187
164.735213	-135.451790	7.354000	1070.309810
164.976072	-135.518902	7.344000	1069.719133
165.216930	-135.586010	7.334000	1069.129162
165.457788	-135.653113	7.324000	1068.539898
165.698646	-135.720212	7.314000	1067.951347
165.939504	-135.787307	7.305000	1067.363511
166.180415	-135.854486	7.295000	1066.776027
166.421272	-135.921571	7.285000	1066.189634
166.662130	-135.988652	7.276000	1065.603969
166.902892	-136.055785	7.266000	1065.019000
167.143802	-136.122947	7.257000	1064.434434
167.384659	-136.190014	7.247000	1063.850974
167.625569	-136.257167	7.238000	1063.267892
167.866426	-136.324225	7.228000	1062.685923
168.107240	-136.391425	7.219000	1062.104303
168.348097	-136.458475	7.209000	1061.523806
168.589007	-136.525610	7.200000	1060.943633
168.829863	-136.592651	7.191000	1060.364516
169.070677	-136.659833	7.182000	1059.785689
169.311586	-136.726954	7.172000	1059.207594
169.552495	-136.794071	7.163000	1058.630196
169.793255	-136.861150	7.154000	1058.053822
170.034164	-136.928258	7.145000	1057.477822
170.275072	-136.995361	7.136000	1056.902524
170.515885	-137.062517	7.127000	1056.327892
170.756794	-137.129611	7.118000	1055.754002
170.997606	-137.196758	7.109000	1055.180781
171.238515	-137.263843	7.100000	1054.608305
171.479327	-137.330981	7.091000	1054.036499
171.720235	-137.398057	7.082000	1053.465442
171.961047	-137.465186	7.074000	1052.895057
172.201955	-137.532254	7.065000	1052.325423
172.442767	-137.599374	7.056000	1051.756462
172.683674	-137.666432	7.049000	1051.188254
172.924539	-137.733632	7.042000	1050.620342
173.165350	-137.800739	7.035000	1050.053447
173.406257	-137.867784	7.028000	1049.487253
173.647069	-137.934881	7.021000	1048.921685
173.887933	-138.002063	7.014000	1048.356426
174.128840	-138.069095	7.007000	1047.792234
174.369703	-138.136268	7.000000	1047.228316
174.610514	-138.203348	6.994000	1046.665429
174.851474	-138.270456	6.987000	1046.102900
175.092284	-138.337526	6.980000	1045.541366
175.333148	-138.404682	6.973000	1044.980155
175.574011	-138.471832	6.966000	1044.419627
175.814821	-138.538890	6.960000	1043.860139
176.055780	-138.605975	6.953000	1043.301023
176.296643	-138.673112	6.947000	1042.742555
176.537505	-138.740245	6.940000	1042.184779
176.778315	-138.807285	6.934000	1041.628053
177.019178	-138.874409	6.927000	1041.071667
177.260040	-138.941528	6.921000	1040.515980
177.500902	-139.008643	6.915000	1039.960981
177.741765	-139.075754	6.908000	1039.406628
177.982627	-139.142860	6.902000	1038.852923
178.223489	-139.209961	6.896000	1038.299866
178.464350	-139.277059	6.890000	1037.747460
178.705212	-139.344151	6.883000	1037.195708
178.946127	-139.411329	6.878000	1036.644260
179.186988	-139.478412	6.872000	1036.093822
179.427850	-139.545492	6.866000	1035.544044
179.668711	-139.612566	6.861000	1034.994928
179.909529	-139.679782	6.855000	1034.446080
180.150390	-139.746848	6.849000	1033.898291
180.391251	-139.813910	6.845000	1033.351169
180.632165	-139.881055	6.841000	1032.804363
180.873025	-139.948108	6.837000	1032.258578
181.113843	-140.015302	6.833000	1031.713069
181.354704	-140.082345	6.829000	1031.168627
181.595617	-140.149473	6.825000	1030.624508
181.836381	-140.216564	6.821000	1030.081371
182.077294	-140.283683	6.817000	1029.538594
182.318207	-140.350798	6.813000	1028.996444
182.558971	-140.417876	6.809000	1028.455222
182.799884	-140.484981	6.805000	1027.914319
183.040796	-140.552082	6.801000	1027.374042
183.281613	-140.619236	6.797000	1026.834348
183.522525	-140.686328	6.793000	1026.295328
183.763289	-140.753383	6.790000	1025.757242
184.004201	-140.820466	6.786000	1025.219485
184.245017	-140.887602	6.782000	1024.682318
184.485929	-140.954676	6.778000	1024.145835
184.726745	-141.021802	6.774000	1023.609947
184.967657	-141.088867	6.771000	1023.074747
185.208525	-141.156074	6.767000	1022.539802
185.449341	-141.223187	6.763000	1022.005851
185.690252	-141.290238	6.759000	1021.472596
185.931068	-141.357342	6.755000	1020.939948
186.171978	-141.424385	6.751000	1020.408002
186.412847	-141.491569	6.748000	1019.876321
186.653662	-141.558660	6.744000	1019.345640
186.894572	-141.625689	6.740000	1018.815619
187.135440	-141.692860	6.737000	1018.285817
187.376255	-141.759937	6.733000	1017.756971
187.617122	-141.827098	6.730000	1017.228394
187.857937	-141.894166	6.727000	1016.700777
188.098900	-141.961262	6.724000	1016.173481
188.339714	-142.028321	6.721000	1015.647103
188.580581	-142.095465	6.719000	1015.121004
188.821448	-142.162604	6.716000	1014.595530
189.062262	-142.229650	6.714000	1014.071022
189.303129	-142.296780	6.712000	1013.546798
189.543995	-142.363905	6.710000	1013.023202
189.784862	-142.431026	6.707000	1012.500236
190.025728	-142.498143	6.705000	1011.977902
190.266541	-142.565166	6.703000	1011.456542
190.507408	-142.632274	6.701000	1010.935477
190.748274	-142.699377	6.698000	1010.415049
190.989139	-142.766476	6.696000	1009.895259
191.230005	-142.833570	6.694000	1009.376107
191.470871	-142.900659	6.692000	1008.857555
191.711789	-142.967834	6.690000	1008.339255
191.952655	-143.034914	6.687000	1007.821887
192.193520	-143.101990	6.685000	1007.305114
192.434385	-143.169062	6.683000	1006.788936
192.675250	-143.236129	6.681000	1006.273356
192.916073	-143.303337	6.679000	1005.757989
193.156937	-143.370396	6.677000	1005.243609
193.397802	-143.437449	6.675000	1004.729832
193.638720	-143.504587	6.672000	1004.216322
193.879488	-143.571689	6.670000	1003.703705
194.120406	-143.638818	6.668000	1003.191405
194.361270	-143.705853	6.666000	1002.680048
194.602092	-143.773030	6.664000	1002.168915
194.842955	-143.840057	6.661000	1001.658779
195.083872	-143.907168	6.659000	1001.148921
195.324693	-143.974331	6.657000	1000.639631
195.565557	-144.041344	6.655000	1000.131342
195.806474	-144.108442	6.653000	999.623338
196.047294	-144.175592	6.650000	999.115870
196.288211	-144.242680	6.647000	998.609025
196.528978	-144.309732	6.645000	998.103042
196.769894	-144.376812	6.642000	997.597352
197.010714	-144.443943	6.639000	997.092194
197.251630	-144.511014	6.637000	996.587669
197.492450	-144.578137	6.634000	996.083679
197.733270	-144.645255	6.631000	995.580276
197.974186	-144.712312	6.629000	995.077514
198.215005	-144.779421	6.627000	994.575293
198.455973	-144.846558	6.625000	994.073387
198.696793	-144.913658	6.623000	993.572359
198.937612	-144.980754	6.620000	993.071931
199.178432	-145.047845	6.619000	992.572104
199.419399	-145.114964	6.617000	992.072601
199.660218	-145.182046	6.614000	991.573981
199.901037	-145.249124	6.611000	991.075966
200.141909	-145.316286	6.609000	990.578229
200.382823	-145.383298	6.607000	990.081480
200.623695	-145.450451	6.603000	989.584926
200.864513	-145.517510	6.602000	989.089264
201.105384	-145.584654	6.600000	988.593836
201.346202	-145.651705	6.598000	988.099300
201.587073	-145.718840	6.596000	987.605001
201.827891	-145.785881	6.594000	987.111597
202.068858	-145.852950	6.592000	986.618483
202.309728	-145.920072	6.590000	986.125886
202.550599	-145.987189	6.588000	985.633859
202.791469	-146.054301	6.586000	985.142402
203.032287	-146.121320	6.584000	984.651844
203.273157	-146.188423	6.582000	984.161532
203.513932	-146.255579	6.579000	983.671743
203.754801	-146.322673	6.576000	983.182580
203.995671	-146.389763	6.574000	982.693995
204.236541	-146.456848	6.571000	982.205989
204.477411	-146.523929	6.569000	981.718568
204.718280	-146.591005	6.566000	981.231734
204.959150	-146.658077	6.564000	980.745487
205.200072	-146.725233	6.561000	980.259478
205.440845	-146.792352	6.559000	979.774285
205.681714	-146.859410	6.557000	979.289690
205.922583	-146.926464	6.554000	978.805642
206.163505	-146.993602	6.552000	978.321820
206.404278	-147.060703	6.549000	977.838817
206.645200	-147.127832	6.546000	977.356094
206.886068	-147.194867	6.543000	976.874246
207.126841	-147.261955	6.541000	976.392896
207.367762	-147.329070	6.538000	975.911830
207.608630	-147.396092	6.535000	975.431641
207.849456	-147.463255	6.533000	974.951630
208.090377	-147.530357	6.530000	974.472229
208.331149	-147.597422	6.525000	973.993652
208.572069	-147.664515	6.525000	973.515364
208.812894	-147.731660	6.524000	973.037580
209.053815	-147.798743	6.522000	972.560408
209.294586	-147.865790	6.519000	972.084061
209.535507	-147.932865	6.517000	971.608006
209.776331	-147.999992	6.514000	971.132432
210.017251	-148.067057	6.512000	970.657430
210.258075	-148.134175	6.505000	970.182894
210.498899	-148.201288	6.479000	969.708881
210.739819	-148.268340	6.466000	969.235447
210.980643	-148.335444	6.455000	968.762488
211.221467	-148.402544	6.459000	968.290059
211.462386	-148.469582	6.468000	967.818218
211.703262	-148.536761	6.464000	967.346541
211.944086	-148.603847	6.457000	966.875721
212.184909	-148.670929	6.453000	966.405441
212.425828	-148.737949	6.448000	965.935759
212.666704	-148.805110	6.446000	965.466252
212.907527	-148.872178	6.438000	964.997610
213.148350	-148.939241	6.421000	964.529519
213.389226	-149.006389	6.432000	964.061664
213.630048	-149.073443	6.452000	963.594682
213.871019	-149.140525	6.474000	963.127996
214.111841	-149.207570	6.475000	962.662131
214.352717	-149.274699	6.475000	962.196492
214.593592	-149.341824	6.473000	961.731378
214.834414	-149.408856	6.472000	961.267107
215.075289	-149.475972	6.470000	960.803053
215.316164	-149.543083	6.468000	960.339528
215.556985	-149.610101	6.467000	959.876845
215.797860	-149.677203	6.465000	959.414377
216.038734	-149.744301	6.463000	958.952437
216.279513	-149.811451	6.461000	958.490969
216.520387	-149.878539	6.459000	958.030083
216.761262	-149.945623	6.457000	957.569722
217.002136	-150.012703	6.455000	957.109887
217.243009	-150.079778	6.452000	956.650576
217.483883	-150.146848	6.450000	956.191790
217.724661	-150.213971	6.448000	955.733470
217.965535	-150.281032	6.446000	955.275729
218.206408	-150.348089	6.444000	954.818509
218.447334	-150.415230	6.442000	954.361500
218.688112	-150.482334	6.440000	953.905265
218.928985	-150.549377	6.438000	953.449587
219.169911	-150.616505	6.436000	952.994077
219.410688	-150.683596	6.434000	952.539299
219.651561	-150.750625	6.432000	952.085054
219.892487	-150.817739	6.431000	951.630978
220.133264	-150.884816	6.429000	951.177635
220.374189	-150.951920	6.427000	950.724523
220.614966	-151.018989	6.425000	950.272151
220.855891	-151.086084	6.423000	949.820017
221.096720	-151.153232	6.421000	949.368321
221.337592	-151.220229	6.419000	948.917486
221.578422	-151.287368	6.417000	948.466789
221.819346	-151.354445	6.415000	948.016651
222.060175	-151.421575	6.413000	947.566963
222.300951	-151.488611	6.411000	947.118092
222.541876	-151.555675	6.410000	946.669483
222.782704	-151.622791	6.407000	946.221334
223.023628	-151.689845	6.402000	945.773761
223.264457	-151.756952	6.399000	945.326652
223.505285	-151.824054	6.398000	944.880052
223.746113	-151.891152	6.396000	944.433942
223.987037	-151.958188	6.388000	943.988382
224.227865	-152.025277	6.386000	943.543261
224.468693	-152.092361	6.381000	943.098640
224.709574	-152.159529	6.372000	942.654217
224.950497	-152.226547	6.367000	942.210658
225.191325	-152.293617	6.362000	941.767541
225.432152	-152.360683	6.358000	941.324922
225.673032	-152.427833	6.356000	940.882499
225.913860	-152.494890	6.362000	940.440880
226.154740	-152.562031	6.375000	939.999458
226.395567	-152.629078	6.373000	939.558841
226.636393	-152.696121	6.372000	939.118725
226.877273	-152.763248	6.374000	938.678812
227.118153	-152.830371	6.373000	938.239403
227.358979	-152.897400	6.372000	937.800799
227.599859	-152.964513	6.371000	937.362400
227.840738	-153.031622	6.370000	936.924506
228.081564	-153.098638	6.368000	936.487405
228.322443	-153.165738	6.366000	936.050475
228.563322	-153.232833	6.365000	935.614016
228.804201	-153.299923	6.365000	935.178029
229.045027	-153.366921	6.363000	934.742813
229.285810	-153.434059	6.362000	934.307712
229.526688	-153.501136	6.361000	933.873142
229.767567	-153.568208	6.359000	933.439044
230.008445	-153.635276	6.358000	933.005421
230.249323	-153.702339	6.356000	932.572276
230.490106	-153.769455	6.355000	932.139556
230.731037	-153.836598	6.353000	931.707079
230.971915	-153.903647	6.352000	931.275384
231.212697	-153.970749	6.350000	930.844115
231.453574	-154.037789	6.349000	930.413389
231.694452	-154.104825	6.347000	929.983148
231.935287	-154.172002	6.345000	929.553040
232.176164	-154.239029	6.343000	929.123773
232.416946	-154.306108	6.342000	928.694935
232.657876	-154.373214	6.340000	928.266335
232.898657	-154.440284	6.338000	927.838428
233.139587	-154.507381	6.336000	927.410739
233.380368	-154.574442	6.335000	926.983742
233.621298	-154.641529	6.333000	926.556966
233.862132	-154.708670	6.331000	926.130588
234.103008	-154.775660	6.329000	925.705019
234.343842	-154.842791	6.327000	925.279556
234.584771	-154.909860	6.324000	924.854609
234.825551	-154.976893	6.322000	924.430355
235.066385	-155.044011	6.320000	924.006267
235.307314	-155.111067	6.317000	923.582695
235.548147	-155.178175	6.315000	923.159526
235.788980	-155.245279	6.313000	922.736819
236.029813	-155.312378	6.310000	922.314575
236.270741	-155.379415	6.308000	921.892854
236.511574	-155.446505	6.306000	921.471540
236.752407	-155.513590	6.304000	921.050694
236.993239	-155.580671	6.301000	920.630316
237.234071	-155.647747	6.299000	920.210397
237.474999	-155.714762	6.297000	919.790976
237.715884	-155.781917	6.294000	919.371649
237.956716	-155.848980	6.292000	918.953055
238.197548	-155.916037	6.290000	918.534904
238.438380	-155.983091	6.288000	918.117199
238.679265	-156.050228	6.286000	917.699649
238.920097	-156.117272	6.284000	917.282836
239.160981	-156.184400	6.282000	916.866183
239.401813	-156.251435	6.280000	916.450268
239.642697	-156.318554	6.278000	916.034514
239.883528	-156.385580	6.276000	915.619502
240.124412	-156.452689	6.274000	915.204654
240.365243	-156.519706	6.272000	914.790549
240.606127	-156.586806	6.269000	914.376614
240.846915	-156.653960	6.267000	913.963081
241.087746	-156.720962	6.265000	913.550354
241.328629	-156.788049	6.263000	913.137799
241.569513	-156.855131	6.259000	912.725704
241.810396	-156.922209	6.242000	912.314058
242.051184	-156.989339	6.223000	911.902784
242.292067	-157.056407	6.213000	911.491998
242.532950	-157.123471	6.202000	911.081642
242.773737	-157.190588	6.191000	910.671656
243.014620	-157.257642	6.166000	910.262157
243.255502	-157.324692	6.150000	909.853086
243.496289	-157.391795	6.140000	909.444384
243.737172	-157.458836	6.138000	909.036167
243.978054	-157.525872	6.136000	908.628377
244.218841	-157.592961	6.128000	908.220953
244.459776	-157.660076	6.125000	907.813731
244.700562	-157.727156	6.123000	907.407158
244.941444	-157.794174	6.117000	907.001068
245.182283	-157.861333	6.115000	906.595060
245.423165	-157.928341	6.109000	906.189818
245.664004	-157.995491	6.106000	905.784657
245.904885	-158.062490	6.104000	905.380263
246.145724	-158.129631	6.103000	904.975955
246.386510	-158.196678	6.103000	904.572348
246.627444	-158.263753	6.104000	904.168922
246.868229	-158.330791	6.103000	903.766124
247.109068	-158.397913	6.100000	903.363450
247.350002	-158.464973	6.100000	902.961241
247.590840	-158.532086	6.103000	902.559381
247.831625	-158.599106	6.104000	902.158211
248.072558	-158.666153	6.104000	901.757229
248.313396	-158.733252	6.106000	901.356600
248.554234	-158.800346	6.111000	900.956383
248.795071	-158.867436	6.119000	900.556579
249.035909	-158.934522	6.131000	900.157191
249.276842	-159.001545	6.143000	899.758278
249.517679	-159.068621	6.152000	899.359723
249.758516	-159.135693	6.165000	898.961588
249.999353	-159.202760	6.180000	898.563874
250.240190	-159.269822	6.194000	898.166581
250.481027	-159.336880	6.206000	897.769712
250.721917	-159.404021	6.231000	897.372991
250.962753	-159.471070	6.245000	896.976959
251.203590	-159.538114	6.259000	896.581317
251.444479	-159.605241	6.269000	896.185790
251.685315	-159.672276	6.271000	895.790933
251.926205	-159.739395	6.270000	895.396194
252.167041	-159.806420	6.270000	895.002126
252.407877	-159.873441	6.269000	894.608455
252.648670	-159.940603	6.266000	894.214848
252.889559	-160.007703	6.264000	893.821699
253.130394	-160.074710	6.261000	893.429226
253.371283	-160.141801	6.259000	893.036880
253.612171	-160.208887	6.257000	892.644938
253.852911	-160.275937	6.255000	892.253617
254.093800	-160.343014	6.252000	891.862487
254.334688	-160.410087	6.250000	891.471766
254.575576	-160.477155	6.248000	891.081456
254.816368	-160.544275	6.245000	890.691499
255.057256	-160.611334	6.243000	890.302014
255.297995	-160.678356	6.241000	889.913159
255.538882	-160.745405	6.238000	889.524499
255.779823	-160.812539	6.235000	889.135963
256.020615	-160.879636	6.233000	888.748039
256.261502	-160.946671	6.231000	888.360578
256.502294	-161.013759	6.228000	887.973463
256.743181	-161.080786	6.226000	887.586809
256.983972	-161.147864	6.223000	887.200497
257.224859	-161.214881	6.221000	886.814642
257.465703	-161.282040	6.218000	886.428854
257.706590	-161.349047	6.215000	886.043790
257.947381	-161.416108	6.212000	885.659060
258.188225	-161.483252	6.209000	885.274449
258.429111	-161.550246	6.206000	884.890556
258.669955	-161.617381	6.202000	884.506720
258.910745	-161.684422	6.200000	884.123539
259.151684	-161.751491	6.197000	883.740527
259.392528	-161.818612	6.194000	883.357836
259.633318	-161.885640	6.190000	882.975792
259.874256	-161.952695	6.187000	882.593912
260.115100	-162.019802	6.183000	882.212338
260.355889	-162.086816	6.179000	881.831383
260.596732	-162.153914	6.177000	881.450508
260.837575	-162.221007	6.176000	881.069978
261.078418	-162.288096	6.173000	880.689791
261.319356	-162.355123	6.171000	880.310004
261.560198	-162.422202	6.168000	879.930501
261.801040	-162.489277	6.165000	879.551342
262.041883	-162.556347	6.163000	879.172531
262.282725	-162.623413	6.160000	878.794070
262.523567	-162.690474	6.157000	878.415960
262.764409	-162.757530	6.154000	878.038205
263.005250	-162.824581	6.150000	877.660806
263.246092	-162.891628	6.147000	877.283766
263.486933	-162.958671	6.144000	876.907086
263.727828	-163.025797	6.141000	876.530505
263.968669	-163.092830	6.138000	876.154555
264.209415	-163.159916	6.135000	875.778914
264.450309	-163.227028	6.133000	875.403436
264.691150	-163.294047	6.129000	875.028588
264.932044	-163.361151	6.127000	874.653831
265.172885	-163.428160	6.123000	874.279699
265.413683	-163.495311	6.119000	873.905604
265.654524	-163.562312	6.113000	873.532195
265.895417	-163.629397	6.109000	873.158889
266.136311	-163.696476	6.098000	872.785950
266.377055	-163.763520	6.089000	872.413587
266.617949	-163.830591	6.096000	872.041394
266.858842	-163.897657	6.087000	871.669574
267.099639	-163.964775	6.061000	871.298067
267.340532	-164.031832	6.047000	870.926986
267.581276	-164.098853	6.038000	870.556473
267.822169	-164.165900	6.038000	870.186117
268.062966	-164.233000	6.049000	869.816061
268.303859	-164.300038	6.061000	869.446418
268.544655	-164.367129	6.065000	869.077069
268.785548	-164.434158	6.060000	868.708125
269.026344	-164.501239	6.053000	868.339467
269.267289	-164.568347	6.047000	867.970941
269.508086	-164.635419	6.037000	867.602939
269.748978	-164.702429	5.994000	867.235313
269.989774	-164.769492	5.975000	866.867942
270.230623	-164.836639	5.973000	866.500622
270.471515	-164.903635	5.974000	866.133927
270.712310	-164.970684	5.966000	865.767476
270.953159	-165.037817	5.959000	865.401064
271.194050	-165.104799	5.960000	865.035265
271.434899	-165.171923	5.962000	864.669441
271.675695	-165.238953	5.963000	864.304168
271.916543	-165.306067	5.952000	863.938937
272.157338	-165.373088	5.951000	863.574267
272.398282	-165.440135	5.962000	863.209701
272.639130	-165.507236	5.964000	862.845381
272.879925	-165.574243	5.964000	862.481623
273.120773	-165.641333	5.960000	862.117914
273.361621	-165.708420	5.960000	861.754511
273.602469	-165.775501	5.973000	861.391415
273.843316	-165.842578	5.977000	861.028621
274.084164	-165.909650	5.973000	860.666122
274.325011	-165.976718	5.963000	860.303920
274.565858	-166.043781	5.963000	859.942013
274.806705	-166.110839	5.961000	859.580404
275.047552	-166.177893	5.956000	859.219091
275.288399	-166.244942	5.949000	858.858075
275.529246	-166.311986	5.941000	858.497358
275.770093	-166.379025	5.937000	858.136938
276.010939	-166.446060	5.932000	857.776819
276.251744	-166.513236	5.920000	857.416687
276.492590	-166.580262	5.893000	857.057168
276.733436	-166.647283	5.869000	856.697950
276.974283	-166.714299	5.864000	856.339029
277.215182	-166.781400	5.861000	855.980150
277.455932	-166.848464	5.854000	855.621762
277.696831	-166.915555	5.849000	855.263470
277.937677	-166.982552	5.854000	854.905724
278.178480	-167.049691	5.841000	854.547960
278.419326	-167.116679	5.835000	854.190791
278.660224	-167.183752	5.849000	853.833649
278.901028	-167.250876	5.854000	853.476728
279.141873	-167.317851	5.861000	853.120393
279.382676	-167.384966	5.877000	852.764025
279.623574	-167.452020	5.879000	852.407989
279.864376	-167.519126	5.881000	852.052169
280.105274	-167.586170	5.880000	851.696679
280.346077	-167.653267	5.879000	851.341403
280.586974	-167.720301	5.874000	850.986453
280.827723	-167.787300	5.869000	850.631966
281.068621	-167.854326	5.864000	850.277551
281.309476	-167.921492	5.862000	849.923094
281.550278	-167.988566	5.855000	849.569152
281.791175	-168.055577	5.848000	849.215529
282.031976	-168.122641	5.835000	848.862110
282.272778	-168.189701	5.825000	848.508951
282.513675	-168.256698	5.815000	848.156106
282.754529	-168.323837	5.809000	847.803214
282.995330	-168.390882	5.805000	847.450824
283.236131	-168.457923	5.791000	847.098684
283.477081	-168.524990	5.777000	846.746599
283.717882	-168.592022	5.771000	846.394955
283.958736	-168.659137	5.767000	846.043310
284.199536	-168.726159	5.755000	845.692161
284.440390	-168.793265	5.744000	845.341009
284.681190	-168.860277	5.739000	844.990351
284.922044	-168.927374	5.738000	844.639690
285.162897	-168.994466	5.745000	844.289273
285.403697	-169.061464	5.749000	843.939348
285.644550	-169.128547	5.746000	843.589419
285.885404	-169.195624	5.746000	843.239732
286.126256	-169.262697	5.744000	842.890288
286.367056	-169.329677	5.746000	842.541332
286.607909	-169.396741	5.746000	842.192370
286.848761	-169.463800	5.749000	841.843649
287.089614	-169.530854	5.743000	841.495167
287.330466	-169.597904	5.737000	841.146931
287.571319	-169.664949	5.726000	840.798942
287.812171	-169.731989	5.716000	840.451192
288.052927	-169.799082	5.709000	840.103624
288.293833	-169.866202	5.705000	839.756098
288.534684	-169.933228	5.699000	839.409046
288.775536	-170.000249	5.704000	839.062219
289.016292	-170.067324	5.709000	838.715558
289.257197	-170.134424	5.714000	838.368924
289.498048	-170.201432	5.718000	838.022748
289.738804	-170.268492	5.717000	837.676726
289.979709	-170.335578	5.709000	837.330720
290.220560	-170.402572	5.705000	836.985160
290.461369	-170.469706	5.699000	836.639499
290.702219	-170.536691	5.692000	836.294330
290.943028	-170.603816	5.678000	835.949053
291.183879	-170.670790	5.667000	835.604260
291.424687	-170.737906	5.661000	835.259352
291.665591	-170.804960	5.664000	834.914678
291.906346	-170.871978	5.659000	834.570367
292.147249	-170.939022	5.645000	834.226035
292.388057	-171.006119	5.637000	833.881814
292.628960	-171.073154	5.630000	833.537819
292.869768	-171.140242	5.625000	833.193944
293.110575	-171.207325	5.612000	832.850243
293.351478	-171.274346	5.608000	832.506768
293.592286	-171.341419	5.600000	832.163412
293.833093	-171.408488	5.594000	831.820227
294.073900	-171.475552	5.590000	831.477213
294.314802	-171.542554	5.589000	831.134421
294.555609	-171.609609	5.585000	830.791745
294.796416	-171.676659	5.575000	830.449238
295.037223	-171.743705	5.570000	830.106897
295.278178	-171.810776	5.564000	829.764534
295.518985	-171.877812	5.558000	829.422525
295.759791	-171.944844	5.556000	829.080679
296.000650	-172.011958	5.558000	828.738756
296.241457	-172.078980	5.562000	828.397236
296.482263	-172.145998	5.568000	828.055876
296.723122	-172.213098	5.570000	827.714433
296.963981	-172.280195	5.570000	827.373146
297.204787	-172.347198	5.569000	827.032252
297.445646	-172.414285	5.571000	826.691272
297.686451	-172.481278	5.564000	826.350684
297.927310	-172.548356	5.550000	826.010008
298.168168	-172.615428	5.542000	825.669483
298.408973	-172.682408	5.534000	825.329344
298.649832	-172.749471	5.531000	824.989113
298.890595	-172.816587	5.545000	824.648974
299.131453	-172.883641	5.544000	824.309029
299.372311	-172.950690	5.547000	823.969224
299.613169	-173.017735	5.550000	823.629558
299.854026	-173.084774	5.551000	823.290029
300.094789	-173.151867	5.550000	822.950582
300.335646	-173.218897	5.568000	822.611319
300.576504	-173.285923	5.573000	822.272186
300.817266	-173.353001	5.569000	821.933130
301.058123	-173.420017	5.569000	821.594251
301.299033	-173.487117	5.569000	821.255258
301.539795	-173.554181	5.567000	820.916570
301.780652	-173.621183	5.563000	820.578051
302.021508	-173.688181	5.562000	820.239647
302.262323	-173.755319	5.563000	819.901069
302.503180	-173.822307	5.562000	819.562888
302.743994	-173.889436	5.558000	819.224529
302.984850	-173.956415	5.553000	818.886566
303.225665	-174.023534	5.555000	818.548426
303.466425	-174.090561	5.557000	818.210630
303.707335	-174.157614	5.554000	817.872754
303.948148	-174.224719	5.551000	817.534932
304.189004	-174.291674	5.549000	817.197498
304.429818	-174.358770	5.544000	816.859880
304.670631	-174.425861	5.546000	816.522360
304.911487	-174.492802	5.549000	816.185221
305.152300	-174.559884	5.547000	815.847893
305.393113	-174.626961	5.546000	815.510658
305.633926	-174.694034	5.547000	815.173514
305.874835	-174.761044	5.548000	814.836510
306.115647	-174.828107	5.552000	814.499545
306.356460	-174.895165	5.558000	814.162665
306.597273	-174.962219	5.563000	813.825869
306.838085	-175.029268	5.566000	813.489155
307.078898	-175.096312	5.569000	813.152520
307.319805	-175.163294	5.570000	812.816011
307.560671	-175.230417	5.573000	812.479294
307.801483	-175.297447	5.574000	812.142885
308.042295	-175.364472	5.574000	811.806547
308.283160	-175.431581	5.576000	811.470052
308.523972	-175.498597	5.579000	811.133864
308.764783	-175.565608	5.584000	810.797747
309.005648	-175.632702	5.585000	810.461465
309.246460	-175.699704	5.593000	810.125480
309.487229	-175.766847	5.597000	809.789278
309.728040	-175.833839	5.597000	809.453415
309.968905	-175.900915	5.596000	809.117377
310.209769	-175.967986	5.597000	808.781394
310.450580	-176.034964	5.596000	808.445696
310.691444	-176.102025	5.596000	808.109817
310.932213	-176.169140	5.595000	807.773938
311.173076	-176.236192	5.593000	807.438151
311.413887	-176.303151	5.592000	807.102637
311.654750	-176.370194	5.592000	806.766931
311.895519	-176.437289	5.592000	806.431213
312.136382	-176.504323	5.589000	806.095575
312.377245	-176.571351	5.584000	805.759966
312.618013	-176.638432	5.585000	805.424338
312.858876	-176.705451	5.586000	805.088780
313.099644	-176.772523	5.588000	804.753196
313.340507	-176.839533	5.592000	804.417684
313.581423	-176.906626	5.598000	804.081977
313.822190	-176.973683	5.604000	803.746484
314.063053	-177.040679	5.606000	803.411064
314.303820	-177.107727	5.605000	803.075621
314.544640	-177.174859	5.605000	802.739967
314.785502	-177.241840	5.603000	802.404604
315.026269	-177.308874	5.602000	802.069211
315.267184	-177.375934	5.601000	801.733644
315.507951	-177.442958	5.602000	801.398267
315.748771	-177.510066	5.607000	801.062665
315.989632	-177.577024	5.609000	800.727335
316.230452	-177.644122	5.610000	800.391726
316.471271	-177.711216	5.612000	800.056108
316.712133	-177.778159	5.613000	799.720749
316.952952	-177.845244	5.612000	799.385101
317.193771	-177.912323	5.612000	799.049432
317.434590	-177.979398	5.611000	798.713738
317.675356	-178.046380	5.598000	798.378244
317.916270	-178.113388	5.602000	798.042533
318.157089	-178.180449	5.601000	797.706741
318.397907	-178.247504	5.587000	797.370910
318.638726	-178.314556	5.584000	797.035050
318.879544	-178.381602	5.582000	796.699163
319.120362	-178.448644	5.577000	796.363245
319.361180	-178.515681	5.574000	796.027295
319.602052	-178.582801	5.547000	795.691088
319.842870	-178.649828	5.532000	795.355073
320.083687	-178.716851	5.523000	795.019022
320.324505	-178.783869	5.514000	794.682929
320.565323	-178.850882	5.512000	794.346793
320.806194	-178.917979	5.510000	794.010383
321.046916	-178.985040	5.511000	793.674108
321.287786	-179.052127	5.519000	793.337594
321.528604	-179.119122	5.543000	793.001251
321.769474	-179.186199	5.548000	792.664621
322.010291	-179.253184	5.556000	792.328154
322.251161	-179.320252	5.561000	791.991395
322.491882	-179.387285	5.563000	791.654751
322.732752	-179.454344	5.564000	791.317850
322.973622	-179.521398	5.566000	790.980873
323.214343	-179.588416	5.566000	790.644003
323.455213	-179.655461	5.564000	790.306865
323.696083	-179.722501	5.567000	789.969644
323.936857	-179.789593	5.565000	789.632306
324.177673	-179.856535	5.569000	789.295160
324.418447	-179.923618	5.568000	788.957670
324.659316	-179.990639	5.569000	788.620139
