-203.186815	-32.734325	5.341000	-5867.840355
-202.946169	-32.801682	5.341000	-5867.821828
-202.705523	-32.869035	5.342000	-5867.803833
-202.464930	-32.936294	5.342000	-5867.786291
-202.224284	-33.003640	5.343000	-5867.769070
-201.983587	-33.071073	5.345000	-5867.752038
-201.742941	-33.138412	5.346000	-5867.735062
-201.502296	-33.205746	5.347000	-5867.717984
-201.261651	-33.273077	5.347000	-5867.700709
-201.021103	-33.340459	5.346000	-5867.683213
-200.780458	-33.407782	5.346000	-5867.665376
-200.539814	-33.475102	5.345000	-5867.647153
-200.299117	-33.542509	5.343000	-5867.628531
-200.058473	-33.609821	5.341000	-5867.609531
-199.817829	-33.677129	5.340000	-5867.590170
-199.577282	-33.744489	5.340000	-5867.570487
-199.336586	-33.811881	5.339000	-5867.550509
-199.095942	-33.879178	5.339000	-5867.530310
-198.855247	-33.946562	5.339000	-5867.509933
-198.614700	-34.013907	5.339000	-5867.489458
-198.374005	-34.081283	5.339000	-5867.468924
-198.133362	-34.148565	5.339000	-5867.448414
-197.892763	-34.215990	5.338000	-5867.427975
-197.652121	-34.283264	5.337000	-5867.407668
-197.411426	-34.350626	5.337000	-5867.387528
-197.170828	-34.418039	5.337000	-5867.367604
-196.930186	-34.485302	5.337000	-5867.347921
-196.689492	-34.552652	5.338000	-5867.328480
-196.448894	-34.620054	5.339000	-5867.309382
-196.208201	-34.687397	5.341000	-5867.290705
-195.967559	-34.754644	5.341000	-5867.272446
-195.726962	-34.822035	5.342000	-5867.254529
-195.486269	-34.889366	5.344000	-5867.236821
-195.245672	-34.956749	5.345000	-5867.219169
-195.004979	-35.024073	5.346000	-5867.201412
-194.764383	-35.091448	5.346000	-5867.183415
-194.523690	-35.158765	5.346000	-5867.165054
-194.283094	-35.226132	5.346000	-5867.146243
-194.042401	-35.293441	5.346000	-5867.126912
-193.801806	-35.360801	5.345000	-5867.107041
-193.561114	-35.428102	5.344000	-5867.086632
-193.320518	-35.495455	5.344000	-5867.065735
-193.079774	-35.562840	5.342000	-5867.044413
-192.839179	-35.630185	5.341000	-5867.022806
-192.598488	-35.697471	5.340000	-5867.001037
-192.357893	-35.764808	5.340000	-5866.979281
-192.117246	-35.832233	5.340000	-5866.957710
-191.876555	-35.899508	5.340000	-5866.936526
-191.635961	-35.966834	5.341000	-5866.915791
-191.395218	-36.034192	5.341000	-5866.895546
-191.154624	-36.101511	5.341000	-5866.875891
-190.913978	-36.168917	5.342000	-5866.856879
-190.673288	-36.236172	5.343000	-5866.838583
-190.432642	-36.303571	5.345000	-5866.820980
-190.192048	-36.370874	5.346000	-5866.804027
-189.951403	-36.438265	5.348000	-5866.787638
-189.710661	-36.505597	5.350000	-5866.771739
-189.470068	-36.572889	5.350000	-5866.756248
-189.229423	-36.640268	5.351000	-5866.741048
-188.988778	-36.707644	5.351000	-5866.726037
-188.748037	-36.774960	5.352000	-5866.711101
-188.507445	-36.842237	5.351000	-5866.696133
-188.266801	-36.909601	5.350000	-5866.681000
-188.026157	-36.976962	5.354000	-5866.665592
-187.785513	-37.044318	5.356000	-5866.649797
-187.544772	-37.111616	5.356000	-5866.633508
-187.304128	-37.178965	5.356000	-5866.616630
-187.063485	-37.246310	5.357000	-5866.599095
-186.822842	-37.313652	5.358000	-5866.580884
-186.582198	-37.380989	5.357000	-5866.561962
-186.341555	-37.448323	5.358000	-5866.542334
-186.100912	-37.515653	5.358000	-5866.522051
-185.860270	-37.582979	5.357000	-5866.501208
-185.619575	-37.650393	5.357000	-5866.479944
-185.378932	-37.717712	5.357000	-5866.458531
-185.138290	-37.785026	5.357000	-5866.437130
-184.897648	-37.852337	5.356000	-5866.415878
-184.656954	-37.919736	5.354000	-5866.394877
-184.416312	-37.987039	5.352000	-5866.374231
-184.175670	-38.054339	5.351000	-5866.353979
-183.934976	-38.121726	5.351000	-5866.334126
-183.694335	-38.189018	5.351000	-5866.314669
-183.453642	-38.256397	5.352000	-5866.295527
-183.213001	-38.323682	5.353000	-5866.276624
-182.972308	-38.391054	5.354000	-5866.257809
-182.731667	-38.458330	5.355000	-5866.238939
-182.490974	-38.525695	5.356000	-5866.219808
-182.250334	-38.592964	5.357000	-5866.200202
-182.009641	-38.660320	5.357000	-5866.179923
-181.769045	-38.727728	5.358000	-5866.158886
-181.528353	-38.795077	5.358000	-5866.137015
-181.287714	-38.862331	5.358000	-5866.114274
-181.047022	-38.929673	5.357000	-5866.090622
-180.806330	-38.997010	5.357000	-5866.066077
-180.565735	-39.064399	5.356000	-5866.040688
-180.325044	-39.131729	5.356000	-5866.014623
-180.084352	-39.199055	5.355000	-5865.988011
-179.843661	-39.266377	5.355000	-5865.960955
-179.603067	-39.333751	5.354000	-5865.933564
-179.362376	-39.401066	5.353000	-5865.905933
-179.121685	-39.468376	5.352000	-5865.878169
-178.880995	-39.535684	5.351000	-5865.850369
-178.640401	-39.603042	5.351000	-5865.822633
-178.399711	-39.670341	5.350000	-5865.795041
-178.159021	-39.737637	5.349000	-5865.767679
-177.918428	-39.804984	5.349000	-5865.740627
-177.677686	-39.872363	5.348000	-5865.713915
-177.436996	-39.939647	5.347000	-5865.687316
-177.196404	-40.006983	5.347000	-5865.660741
-176.955662	-40.074350	5.346000	-5865.634204
-176.715070	-40.141678	5.346000	-5865.607757
-176.474381	-40.208947	5.346000	-5865.581382
-176.233736	-40.276359	5.346000	-5865.555065
-175.993048	-40.343620	5.346000	-5865.528797
-175.752404	-40.411024	5.345000	-5865.502524
-175.511715	-40.478277	5.344000	-5865.476215
-175.271071	-40.545674	5.344000	-5865.449876
-175.030384	-40.612919	5.344000	-5865.423539
-174.789740	-40.680308	5.343000	-5865.397179
-174.549000	-40.747638	5.342000	-5865.370794
-174.308409	-40.814927	5.341000	-5865.344397
-174.067670	-40.882249	5.340000	-5865.317954
-173.827027	-40.949622	5.339000	-5865.291485
-173.586287	-41.016937	5.338000	-5865.264983
-173.345697	-41.084211	5.337000	-5865.238473
-173.105055	-41.151573	5.336000	-5865.211932
-172.864316	-41.218875	5.335000	-5865.185363
-172.623674	-41.286230	5.333000	-5865.158731
-172.383032	-41.353580	5.328000	-5865.132081
-172.142293	-41.420871	5.324000	-5865.105453
-171.901652	-41.488214	5.322000	-5865.078888
-171.661010	-41.555553	5.319000	-5865.052400
-171.420272	-41.622832	5.318000	-5865.025987
-171.179631	-41.690164	5.316000	-5864.999644
-170.938990	-41.757491	5.314000	-5864.973340
-170.698200	-41.824850	5.313000	-5864.947017
-170.457560	-41.892170	5.312000	-5864.920658
-170.216919	-41.959486	5.311000	-5864.894254
-169.976279	-42.026798	5.310000	-5864.867834
-169.735586	-42.094197	5.309000	-5864.841377
-169.494850	-42.161446	5.308000	-5864.814897
-169.254210	-42.228747	5.307000	-5864.788388
-169.013518	-42.296135	5.307000	-5864.761832
-168.772878	-42.363428	5.307000	-5864.735255
-168.532186	-42.430808	5.307000	-5864.708637
-168.291547	-42.498093	5.306000	-5864.682008
-168.050855	-42.565466	5.305000	-5864.655310
-167.810120	-42.632688	5.305000	-5864.628542
-167.569429	-42.700053	5.307000	-5864.601744
-167.328790	-42.767322	5.307000	-5864.574987
-167.088099	-42.834680	5.307000	-5864.548283
-166.847409	-42.902033	5.306000	-5864.521670
-166.606770	-42.969291	5.306000	-5864.495166
-166.366080	-43.036637	5.305000	-5864.468740
-166.125390	-43.103979	5.305000	-5864.442384
-165.884700	-43.171317	5.305000	-5864.416062
-165.644010	-43.238651	5.305000	-5864.389727
-165.403372	-43.305890	5.305000	-5864.363338
-165.162683	-43.373217	5.305000	-5864.336867
-164.921993	-43.440539	5.305000	-5864.310372
-164.681304	-43.507858	5.305000	-5864.283848
-164.440615	-43.575173	5.305000	-5864.257289
-164.200022	-43.642539	5.305000	-5864.230696
-163.959334	-43.709847	5.305000	-5864.204064
-163.718645	-43.777150	5.304000	-5864.177398
-163.477904	-43.844541	5.304000	-5864.150689
-163.237216	-43.911837	5.303000	-5864.123851
-162.996528	-43.979129	5.303000	-5864.096863
-162.755840	-44.046417	5.304000	-5864.069775
-162.515248	-44.113756	5.304000	-5864.042638
-162.274508	-44.181128	5.303000	-5864.015474
-162.033821	-44.248404	5.298000	-5863.988345
-161.793133	-44.315677	5.294000	-5863.961265
-161.552394	-44.383037	5.291000	-5863.934238
-161.311803	-44.450357	5.290000	-5863.907302
-161.071064	-44.517709	5.288000	-5863.880425
-160.830377	-44.584966	5.287000	-5863.853629
-160.589735	-44.652366	5.287000	-5863.826884
-160.349048	-44.719616	5.290000	-5863.800196
-160.108310	-44.786953	5.297000	-5863.773572
-159.867668	-44.854341	5.302000	-5863.747135
-159.626982	-44.921579	5.305000	-5863.720946
-159.386243	-44.988904	5.306000	-5863.695054
-159.145602	-45.056281	5.302000	-5863.669550
-158.904916	-45.123508	5.292000	-5863.644522
-158.664179	-45.190821	5.293000	-5863.620060
-158.423538	-45.258187	5.296000	-5863.596335
-158.182800	-45.325493	5.299000	-5863.573412
-157.942159	-45.392850	5.303000	-5863.551344
-157.701422	-45.460149	5.307000	-5863.530147
-157.460782	-45.527498	5.312000	-5863.509820
-157.220098	-45.594698	5.318000	-5863.490328
-156.979457	-45.662040	5.329000	-5863.471592
-156.738669	-45.729414	5.338000	-5863.453506
-156.498029	-45.796748	5.351000	-5863.435960
-156.257293	-45.864023	5.357000	-5863.418779
-156.016653	-45.931350	5.361000	-5863.401786
-155.775917	-45.998618	5.365000	-5863.384767
-155.535278	-46.065937	5.369000	-5863.367509
-155.294543	-46.133196	5.372000	-5863.349778
-155.053851	-46.200599	5.374000	-5863.331363
-154.813213	-46.267906	5.378000	-5863.312195
-154.572478	-46.335154	5.382000	-5863.292168
-154.331787	-46.402545	5.386000	-5863.271193
-154.091149	-46.469841	5.390000	-5863.249206
-153.850362	-46.537168	5.395000	-5863.226178
-153.609724	-46.604456	5.401000	-5863.202322
-153.369086	-46.671741	5.407000	-5863.177833
-153.128299	-46.739057	5.412000	-5863.152902
-152.887610	-46.806424	5.418000	-5863.127746
-152.646972	-46.873697	5.423000	-5863.102555
-152.406283	-46.941057	5.429000	-5863.077471
-152.165549	-47.008266	5.435000	-5863.052653
-151.924860	-47.075618	5.440000	-5863.028200
-151.684171	-47.142967	5.445000	-5863.004206
-151.443482	-47.210311	5.450000	-5862.980729
-151.202749	-47.277505	5.455000	-5862.957802
-150.962061	-47.344842	5.463000	-5862.935406
-150.721372	-47.412175	5.470000	-5862.913518
-150.480684	-47.479504	5.478000	-5862.892079
-150.239996	-47.546829	5.486000	-5862.871008
-149.999308	-47.614150	5.494000	-5862.850230
-149.758620	-47.681467	5.503000	-5862.829848
-149.517932	-47.748781	5.511000	-5862.809798
-149.277148	-47.816035	5.519000	-5862.789928
-149.036461	-47.883340	5.529000	-5862.769851
-148.795774	-47.950642	5.537000	-5862.749344
-148.555087	-48.017940	5.546000	-5862.728300
-148.314400	-48.085234	5.555000	-5862.706635
-148.073661	-48.152616	5.564000	-5862.684282
-147.832974	-48.219902	5.573000	-5862.661236
-147.592288	-48.287184	5.582000	-5862.637490
-147.351601	-48.354463	5.591000	-5862.613079
-147.110863	-48.421829	5.600000	-5862.588056
-146.870177	-48.489100	5.610000	-5862.562542
-146.629491	-48.556367	5.621000	-5862.536649
-146.388850	-48.623776	5.632000	-5862.510517
-146.148164	-48.691035	5.643000	-5862.484336
-145.907426	-48.758382	5.654000	-5862.458271
-145.666741	-48.825633	5.665000	-5862.432549
-145.426004	-48.892972	5.677000	-5862.407349
-145.185267	-48.960307	5.688000	-5862.382891
-144.944582	-49.027546	5.700000	-5862.359385
-144.703941	-49.094929	5.712000	-5862.337076
-144.463257	-49.162161	5.723000	-5862.316049
-144.222520	-49.229480	5.735000	-5862.296039
-143.981784	-49.296796	5.746000	-5862.276830
-143.741048	-49.364107	5.758000	-5862.258196
-143.500408	-49.431470	5.771000	-5862.239920
-143.259724	-49.498683	5.784000	-5862.221795
-143.018988	-49.565983	5.798000	-5862.203616
-142.778253	-49.633279	5.811000	-5862.185226
-142.537614	-49.700626	5.824000	-5862.166493
-142.296878	-49.767914	5.837000	-5862.147312
-142.056143	-49.835199	5.851000	-5862.127618
-141.815504	-49.902534	5.861000	-5862.107389
-141.574769	-49.969811	5.871000	-5862.086626
-141.334035	-50.037084	5.885000	-5862.065375
-141.093344	-50.104499	5.898000	-5862.043707
-140.852610	-50.171764	5.912000	-5862.021735
-140.611972	-50.239080	5.926000	-5861.999580
-140.371238	-50.306337	5.942000	-5861.977371
-140.130504	-50.373590	5.957000	-5861.955255
-139.889814	-50.440986	5.972000	-5861.933363
-139.649080	-50.508232	5.985000	-5861.911899
-139.408391	-50.575620	5.998000	-5861.890993
-139.167657	-50.642857	6.013000	-5861.870637
-138.927020	-50.710146	6.026000	-5861.850794
-138.686235	-50.777467	6.040000	-5861.831390
-138.445599	-50.844749	6.055000	-5861.812373
-138.204813	-50.912062	6.070000	-5861.793634
-137.964177	-50.979336	6.087000	-5861.775100
-137.723392	-51.046641	6.106000	-5861.756647
-137.482704	-51.113998	6.123000	-5861.738182
-137.242068	-51.181260	6.137000	-5861.719603
-137.001284	-51.248553	6.149000	-5861.700784
-136.760596	-51.315899	6.167000	-5861.681640
-136.519909	-51.383240	6.185000	-5861.662070
-136.279177	-51.450431	6.203000	-5861.641990
-136.038490	-51.517764	6.221000	-5861.621314
-135.797803	-51.585094	6.239000	-5861.599978
-135.557019	-51.652364	6.257000	-5861.577925
-135.316332	-51.719686	6.275000	-5861.555122
-135.075646	-51.787004	6.294000	-5861.531541
-134.834863	-51.854262	6.312000	-5861.507234
-134.594176	-51.921573	6.330000	-5861.482311
-134.353490	-51.988879	6.348000	-5861.456866
-134.112804	-52.056181	6.366000	-5861.431087
-133.872022	-52.123424	6.383000	-5861.405163
-133.631336	-52.190719	6.401000	-5861.379281
-133.390650	-52.258009	6.419000	-5861.353601
-133.149912	-52.325387	6.436000	-5861.328250
-132.909227	-52.392670	6.453000	-5861.303363
-132.668542	-52.459949	6.471000	-5861.279002
-132.427708	-52.527259	6.488000	-5861.255192
-132.187023	-52.594531	6.505000	-5861.231963
-131.946338	-52.661798	6.522000	-5861.209264
-131.705601	-52.729152	6.539000	-5861.187008
-131.464917	-52.796411	6.555000	-5861.165110
-131.224180	-52.863758	6.572000	-5861.143410
-130.983496	-52.931010	6.588000	-5861.121764
-130.742760	-52.998348	6.604000	-5861.099971
-130.502076	-53.065592	6.620000	-5861.077860
-130.261340	-53.132923	6.636000	-5861.055216
-130.020604	-53.200250	6.652000	-5861.031905
-129.779921	-53.267482	6.668000	-5861.007854
-129.539185	-53.334801	6.683000	-5860.983042
-129.298450	-53.402116	6.699000	-5860.957596
-129.057767	-53.469337	6.714000	-5860.931587
-128.817032	-53.536644	6.729000	-5860.905055
-128.576297	-53.603948	6.744000	-5860.878087
-128.335562	-53.671247	6.758000	-5860.850760
-128.094827	-53.738543	6.773000	-5860.823155
-127.854189	-53.805890	6.788000	-5860.795355
-127.613455	-53.873178	6.803000	-5860.767424
-127.372721	-53.940462	6.818000	-5860.739437
-127.131987	-54.007742	6.832000	-5860.711454
-126.891253	-54.075018	6.847000	-5860.683528
-126.650519	-54.142291	6.861000	-5860.655703
-126.409882	-54.209614	6.875000	-5860.628020
-126.169148	-54.276879	6.889000	-5860.600499
-125.928363	-54.344230	6.903000	-5860.573152
-125.687630	-54.411487	6.917000	-5860.546017
-125.446993	-54.478795	6.930000	-5860.518980
-125.206260	-54.546044	6.944000	-5860.491958
-124.965475	-54.613379	6.957000	-5860.464935
-124.724743	-54.680620	6.970000	-5860.437926
-124.484107	-54.747913	6.983000	-5860.410918
-124.243322	-54.815237	6.996000	-5860.383896
-124.002590	-54.882466	7.009000	-5860.356888
-123.761902	-54.949838	7.021000	-5860.329872
-123.521170	-55.017059	7.033000	-5860.302863
-123.280483	-55.084423	7.046000	-5860.275843
-123.039751	-55.151636	7.058000	-5860.248827
-122.798968	-55.218937	7.070000	-5860.221794
-122.558280	-55.286289	7.082000	-5860.194759
-122.317549	-55.353491	7.094000	-5860.167725
-122.076863	-55.420835	7.105000	-5860.140676
-121.836080	-55.488120	7.117000	-5860.113615
-121.595393	-55.555456	7.128000	-5860.086551
-121.354610	-55.622733	7.140000	-5860.059474
-121.113976	-55.689971	7.151000	-5860.032407
-120.873194	-55.757240	7.162000	-5860.005316
-120.632508	-55.824560	7.173000	-5859.978223
-120.391726	-55.891822	7.184000	-5859.951119
-120.151040	-55.959135	7.194000	-5859.924013
-119.910355	-56.026443	7.204000	-5859.896903
-119.669573	-56.093693	7.213000	-5859.869785
-119.428888	-56.160994	7.223000	-5859.842669
-119.188106	-56.228236	7.232000	-5859.815546
-118.947369	-56.295620	7.241000	-5859.788414
-118.706684	-56.362909	7.251000	-5859.761293
-118.465903	-56.430139	7.260000	-5859.734168
-118.225219	-56.497420	7.269000	-5859.707048
-117.984482	-56.564789	7.279000	-5859.679917
-117.743702	-56.632007	7.288000	-5859.652795
-117.503018	-56.699277	7.297000	-5859.625678
-117.262282	-56.766633	7.306000	-5859.598549
-117.021598	-56.833895	7.315000	-5859.571434
-116.780818	-56.901097	7.324000	-5859.544315
-116.540082	-56.968442	7.333000	-5859.517188
-116.299399	-57.035692	7.343000	-5859.490072
-116.058664	-57.103029	7.352000	-5859.462943
-115.817928	-57.170362	7.361000	-5859.435811
-115.577149	-57.237545	7.370000	-5859.408684
-115.336414	-57.304870	7.379000	-5859.381545
-115.095679	-57.372191	7.388000	-5859.354401
-114.854997	-57.439418	7.397000	-5859.327265
-114.614262	-57.506731	7.407000	-5859.300111
-114.373528	-57.574040	7.416000	-5859.272952
-114.132794	-57.641346	7.425000	-5859.245788
-113.892112	-57.708557	7.435000	-5859.218632
-113.651378	-57.775854	7.444000	-5859.191460
-113.410644	-57.843148	7.454000	-5859.164285
-113.169911	-57.910438	7.463000	-5859.137107
-112.929177	-57.977723	7.473000	-5859.109926
-112.688444	-58.045005	7.483000	-5859.082743
-112.447711	-58.112283	7.489000	-5859.055557
-112.206978	-58.179557	7.495000	-5859.028369
-111.966245	-58.246827	7.501000	-5859.001178
-111.725512	-58.314093	7.508000	-5858.973984
-111.484727	-58.381446	7.514000	-5858.946762
-111.243994	-58.448705	7.521000	-5858.919417
-111.003262	-58.515959	7.527000	-5858.891930
-110.762530	-58.583209	7.534000	-5858.864327
-110.521746	-58.650547	7.541000	-5858.836623
-110.281014	-58.717789	7.548000	-5858.808870
-110.040378	-58.785083	7.554000	-5858.781087
-109.799594	-58.852409	7.561000	-5858.753279
-109.558863	-58.919639	7.568000	-5858.725503
-109.318079	-58.986957	7.575000	-5858.697759
-109.077348	-59.054179	7.582000	-5858.670061
-108.836661	-59.121545	7.589000	-5858.642366
-108.595931	-59.188759	7.596000	-5858.614709
-108.355148	-59.256061	7.603000	-5858.587093
-108.114417	-59.323268	7.610000	-5858.559576
-107.873731	-59.390618	7.617000	-5858.532176
-107.632948	-59.457908	7.624000	-5858.504945
-107.392166	-59.525193	7.632000	-5858.477940
-107.151532	-59.592440	7.639000	-5858.451237
-106.910750	-59.659718	7.646000	-5858.424869
-106.669968	-59.726992	7.653000	-5858.398850
-106.429282	-59.794318	7.660000	-5858.373087
-106.188501	-59.861584	7.667000	-5858.347604
-105.947719	-59.928847	7.674000	-5858.322442
-105.707034	-59.996160	7.681000	-5858.297639
-105.466253	-60.063415	7.689000	-5858.273219
-105.225568	-60.130721	7.696000	-5858.249219
-104.984787	-60.197967	7.703000	-5858.225656
-104.744103	-60.265265	7.707000	-5858.202559
-104.503322	-60.332504	7.712000	-5858.179937
-104.262638	-60.399794	7.716000	-5858.157808
-104.021858	-60.467025	7.721000	-5858.136232
-103.781174	-60.534307	7.725000	-5858.115290
-103.540341	-60.601620	7.730000	-5858.094894
-103.299658	-60.668895	7.734000	-5858.074988
-103.058878	-60.736109	7.739000	-5858.055469
-102.818142	-60.803467	7.743000	-5858.036241
-102.577363	-60.870674	7.747000	-5858.017226
-102.336628	-60.938023	7.751000	-5857.998316
-102.095945	-61.005277	7.755000	-5857.979437
-101.855166	-61.072473	7.760000	-5857.960549
-101.614431	-61.139810	7.764000	-5857.941510
-101.373696	-61.207143	7.767000	-5857.922174
-101.132918	-61.274327	7.771000	-5857.902433
-100.892183	-61.341652	7.775000	-5857.882195
-100.651501	-61.408883	7.779000	-5857.861442
-100.410671	-61.476145	7.782000	-5857.840160
-100.169937	-61.543459	7.786000	-5857.818411
-99.929203	-61.610768	7.789000	-5857.796276
-99.688521	-61.677983	7.793000	-5857.773883
-99.447691	-61.745230	7.796000	-5857.751351
-99.206958	-61.812527	7.799000	-5857.728861
-98.966225	-61.879821	7.802000	-5857.706599
-98.725492	-61.947111	7.805000	-5857.684802
-98.484759	-62.014397	7.808000	-5857.663601
-98.244026	-62.081679	7.811000	-5857.643068
-98.003197	-62.148902	7.813000	-5857.623213
-97.762464	-62.216176	7.816000	-5857.603998
-97.521732	-62.283446	7.818000	-5857.585317
-97.281000	-62.350712	7.821000	-5857.567043
-97.040268	-62.417974	7.822000	-5857.549051
-96.799536	-62.485232	7.823000	-5857.531101
-96.558751	-62.552577	7.823000	-5857.512956
-96.318020	-62.619827	7.824000	-5857.494431
-96.077288	-62.687074	7.824000	-5857.475352
-95.836557	-62.754316	7.825000	-5857.455597
-95.595773	-62.821645	7.825000	-5857.435080
-95.355042	-62.888879	7.826000	-5857.413795
-95.114259	-62.956201	7.826000	-5857.391744
-94.873528	-63.023427	7.826000	-5857.369020
-94.632798	-63.090649	7.826000	-5857.345729
-94.392015	-63.157959	7.825000	-5857.322012
-94.151232	-63.225264	7.825000	-5857.298064
-93.910502	-63.292474	7.825000	-5857.274076
-93.669719	-63.359772	7.824000	-5857.250034
-93.429086	-63.427030	7.824000	-5857.226096
-93.188304	-63.494319	7.823000	-5857.202386
-92.947522	-63.561605	7.822000	-5857.179054
-92.706740	-63.628886	7.822000	-5857.156207
-92.466011	-63.696073	7.821000	-5857.133943
-92.225325	-63.763402	7.820000	-5857.112253
-91.984544	-63.830671	7.818000	-5857.091100
-91.743763	-63.897937	7.817000	-5857.070440
-91.502982	-63.965198	7.816000	-5857.050210
-91.262297	-64.032512	7.815000	-5857.030344
-91.021516	-64.099765	7.813000	-5857.010757
-90.780735	-64.167015	7.812000	-5856.991372
-90.539955	-64.234260	7.810000	-5856.972107
-90.299271	-64.301558	7.809000	-5856.952883
-90.058491	-64.368795	7.807000	-5856.933613
-89.817711	-64.436029	7.805000	-5856.914227
-89.577027	-64.503314	7.804000	-5856.894664
-89.336247	-64.570540	7.802000	-5856.874860
-89.095511	-64.637908	7.800000	-5856.854772
-88.854732	-64.705126	7.798000	-5856.834375
-88.613953	-64.772340	7.796000	-5856.813458
-88.373217	-64.839696	7.793000	-5856.791921
-88.132438	-64.906902	7.791000	-5856.769800
-87.891756	-64.974159	7.789000	-5856.747195
-87.650925	-65.041448	7.787000	-5856.724361
-87.410242	-65.108697	7.785000	-5856.701520
-87.169411	-65.175978	7.782000	-5856.678816
-86.928729	-65.243219	7.780000	-5856.656427
-86.687899	-65.310492	7.778000	-5856.634456
-86.447165	-65.377816	7.776000	-5856.613017
-86.206387	-65.444990	7.773000	-5856.592175
-85.965653	-65.512306	7.771000	-5856.571942
-85.724919	-65.579619	7.769000	-5856.552310
-85.484142	-65.646781	7.767000	-5856.533227
-85.243409	-65.714085	7.764000	-5856.514592
-85.002675	-65.781385	7.762000	-5856.496281
-84.761846	-65.848626	7.760000	-5856.478137
-84.521113	-65.915918	7.758000	-5856.459984
-84.280380	-65.983207	7.755000	-5856.441624
-84.039551	-66.050435	7.753000	-5856.422853
-83.798819	-66.117716	7.751000	-5856.403482
-83.558086	-66.184992	7.749000	-5856.383416
-83.317258	-66.252209	7.747000	-5856.362643
-83.076526	-66.319477	7.745000	-5856.341282
-82.835794	-66.386742	7.743000	-5856.319551
-82.595062	-66.454002	7.741000	-5856.297604
-82.354331	-66.521259	7.739000	-5856.275592
-82.113503	-66.588455	7.737000	-5856.253659
-81.872719	-66.655794	7.736000	-5856.231932
-81.631988	-66.723039	7.736000	-5856.210532
-81.391257	-66.790279	7.736000	-5856.189527
-81.150526	-66.857516	7.736000	-5856.168960
-80.909743	-66.924839	7.737000	-5856.148832
-80.669012	-66.992067	7.737000	-5856.129130
-80.428229	-67.059382	7.738000	-5856.109768
-80.187403	-67.126547	7.738000	-5856.090656
-79.946620	-67.193854	7.739000	-5856.071645
-79.705890	-67.261067	7.740000	-5856.052580
-79.465108	-67.328366	7.741000	-5856.033251
-79.224378	-67.395570	7.741000	-5856.013466
-78.983596	-67.462862	7.742000	-5855.992985
-78.742814	-67.530149	7.743000	-5855.971596
-78.502085	-67.597341	7.744000	-5855.949130
-78.261303	-67.664620	7.745000	-5855.925628
-78.020618	-67.731951	7.747000	-5855.901175
-77.779837	-67.799222	7.748000	-5855.875829
-77.539056	-67.866489	7.749000	-5855.849672
-77.298327	-67.933662	7.750000	-5855.822805
-77.057546	-68.000921	7.752000	-5855.795299
-76.816766	-68.068176	7.753000	-5855.767265
-76.575985	-68.135427	7.755000	-5855.738803
-76.335205	-68.202674	7.757000	-5855.710012
-76.094521	-68.269973	7.758000	-5855.680992
-75.853741	-68.337212	7.760000	-5855.651825
-75.612961	-68.404447	7.762000	-5855.622602
-75.372128	-68.471769	7.764000	-5855.593387
-75.131349	-68.538996	7.766000	-5855.564277
-74.890666	-68.606275	7.768000	-5855.535327
-74.649886	-68.673494	7.770000	-5855.506586
-74.409055	-68.740799	7.772000	-5855.478091
-74.168372	-68.808066	7.774000	-5855.449918
-73.927593	-68.875273	7.780000	-5855.422080
-73.686762	-68.942567	7.786000	-5855.394434
-73.446079	-69.009821	7.792000	-5855.366781
-73.205301	-69.077016	7.798000	-5855.338988
-72.964470	-69.144298	7.804000	-5855.311052
-72.723788	-69.211541	7.810000	-5855.283026
-72.482957	-69.278814	7.816000	-5855.254899
-72.242223	-69.346139	7.822000	-5855.226720
-72.001446	-69.413314	7.829000	-5855.198519
-71.760615	-69.480576	7.835000	-5855.170301
-71.519934	-69.547799	7.841000	-5855.142121
-71.279105	-69.615052	7.847000	-5855.113967
-71.038371	-69.682357	7.854000	-5855.085884
-70.797542	-69.749603	7.860000	-5855.057881
-70.556861	-69.816809	7.866000	-5855.029999
-70.316032	-69.884047	7.873000	-5855.002222
-70.075299	-69.951336	7.879000	-5854.974587
-69.834566	-70.018621	7.886000	-5854.947105
-69.593738	-70.085846	7.892000	-5854.919791
-69.353005	-70.153123	7.898000	-5854.892670
-69.112177	-70.220341	7.905000	-5854.865756
-68.871445	-70.287610	7.911000	-5854.839083
-68.630713	-70.354875	7.918000	-5854.812680
-68.389885	-70.422080	7.924000	-5854.786584
-68.149153	-70.489337	7.930000	-5854.760928
-67.908369	-70.556681	7.937000	-5854.735707
-67.667542	-70.623874	7.943000	-5854.710914
-67.426810	-70.691119	7.950000	-5854.686507
-67.186079	-70.758360	7.956000	-5854.662440
-66.945200	-70.825631	7.962000	-5854.638650
-66.704469	-70.892864	7.969000	-5854.615102
-66.463738	-70.960093	7.975000	-5854.591712
-66.222955	-71.027408	7.984000	-5854.568386
-65.982225	-71.094629	7.992000	-5854.545061
-65.741346	-71.161881	8.001000	-5854.521611
-65.500616	-71.229094	8.010000	-5854.497961
-65.259834	-71.296393	8.018000	-5854.473976
-65.019104	-71.363598	8.027000	-5854.449575
-64.778322	-71.430889	8.035000	-5854.424627
-64.537540	-71.498176	8.044000	-5854.399043
-64.296811	-71.565369	8.053000	-5854.372685
-64.056029	-71.632648	8.061000	-5854.345406
-63.815152	-71.699867	8.070000	-5854.317251
-63.574370	-71.767138	8.078000	-5854.288299
-63.333641	-71.834315	8.087000	-5854.258678
-63.092860	-71.901578	8.095000	-5854.228613
-62.852080	-71.968837	8.104000	-5854.198379
-62.611299	-72.036092	8.112000	-5854.168174
-62.370518	-72.103343	8.121000	-5854.138172
-62.129738	-72.170590	8.129000	-5854.108525
-61.888957	-72.237832	8.138000	-5854.079350
-61.648273	-72.305127	8.146000	-5854.050728
-61.407493	-72.372362	8.155000	-5854.022694
-61.166714	-72.439593	8.163000	-5853.995251
-60.925934	-72.506819	8.171000	-5853.968354
-60.685102	-72.574133	8.180000	-5853.941908
-60.444322	-72.641351	8.188000	-5853.915823
-60.203543	-72.708566	8.197000	-5853.889937
-59.962764	-72.775777	8.205000	-5853.864076
-59.722028	-72.843129	8.214000	-5853.838009
-59.481250	-72.910332	8.222000	-5853.811316
-59.240471	-72.977530	8.231000	-5853.783837
-58.999640	-73.044816	8.239000	-5853.755526
-58.758958	-73.112062	8.248000	-5853.726427
-58.518127	-73.179339	8.257000	-5853.696567
-58.277349	-73.246521	8.266000	-5853.666086
-58.036518	-73.313790	8.275000	-5853.635155
-57.795837	-73.381020	8.284000	-5853.604072
-57.555006	-73.448281	8.293000	-5853.572994
-57.314176	-73.515537	8.303000	-5853.542128
-57.073495	-73.582755	8.312000	-5853.511668
-56.832665	-73.650004	8.321000	-5853.481740
-56.591836	-73.717248	8.331000	-5853.452503
-56.351103	-73.784545	8.340000	-5853.424079
-56.110326	-73.851691	8.349000	-5853.396569
-55.869593	-73.918979	8.359000	-5853.370012
-55.628764	-73.986207	8.368000	-5853.344452
-55.388031	-74.053488	8.378000	-5853.319897
-55.147202	-74.120708	8.387000	-5853.296317
-54.906470	-74.187980	8.397000	-5853.273595
-54.665641	-74.255192	8.407000	-5853.251550
-54.424909	-74.322456	8.416000	-5853.230069
-54.184081	-74.389660	8.426000	-5853.209015
-53.943349	-74.456916	8.436000	-5853.188244
-53.702469	-74.524203	8.446000	-5853.167582
-53.461737	-74.591451	8.456000	-5853.146887
-53.220910	-74.658639	8.466000	-5853.125972
-52.980179	-74.725878	8.476000	-5853.104713
-52.739448	-74.793114	8.486000	-5853.083097
-52.498568	-74.860380	8.497000	-5853.060979
-52.257837	-74.927608	8.507000	-5853.038279
-52.017054	-74.994922	8.517000	-5853.014917
-51.776227	-75.062085	8.528000	-5852.990903
-51.535497	-75.129301	8.538000	-5852.966279
-51.294714	-75.196603	8.549000	-5852.941128
-51.053888	-75.263754	8.560000	-5852.915617
-50.813105	-75.331048	8.569000	-5852.889928
-50.572323	-75.398338	8.579000	-5852.864305
-50.331593	-75.465533	8.589000	-5852.839031
-50.090811	-75.532814	8.599000	-5852.814381
-49.849933	-75.600036	8.609000	-5852.790525
-49.609204	-75.667219	8.619000	-5852.767590
-49.368423	-75.734489	8.629000	-5852.745609
-49.127641	-75.801754	8.639000	-5852.724595
-48.886860	-75.869015	8.650000	-5852.704497
-48.646079	-75.936272	8.660000	-5852.685210
-48.405202	-76.003470	8.671000	-5852.666574
-48.164473	-76.070628	8.681000	-5852.648402
-47.923692	-76.137874	8.692000	-5852.630427
-47.682912	-76.205115	8.703000	-5852.612333
-47.442131	-76.272351	8.714000	-5852.593892
-47.201299	-76.339675	8.725000	-5852.574925
-46.960519	-76.406904	8.736000	-5852.555321
-46.719739	-76.474128	8.747000	-5852.534992
-46.478959	-76.541349	8.759000	-5852.513913
-46.238179	-76.608566	8.770000	-5852.492110
-45.997399	-76.675778	8.782000	-5852.469660
-45.756567	-76.743077	8.794000	-5852.446683
-45.515788	-76.810282	8.806000	-5852.423525
-45.275105	-76.877538	8.818000	-5852.400562
-45.034274	-76.944825	8.830000	-5852.377935
-44.793495	-77.012017	8.842000	-5852.355794
-44.552664	-77.079296	8.854000	-5852.334210
-44.311885	-77.146480	8.867000	-5852.313248
-44.071054	-77.213751	8.879000	-5852.292893
-43.830276	-77.280927	8.892000	-5852.273126
-43.589541	-77.348245	8.905000	-5852.253854
-43.348764	-77.415413	8.917000	-5852.234968
-43.107933	-77.482667	8.929000	-5852.216308
-42.867103	-77.549917	8.941000	-5852.197701
-42.626422	-77.617129	8.954000	-5852.178845
-42.385592	-77.684371	8.966000	-5852.159489
-42.144762	-77.751609	8.978000	-5852.139533
-41.903932	-77.818843	8.991000	-5852.118909
-41.663251	-77.886038	9.003000	-5852.097606
-41.422422	-77.953264	9.016000	-5852.075623
-41.181593	-78.020486	9.029000	-5852.053045
-40.940860	-78.087759	9.042000	-5852.030019
-40.700031	-78.154973	9.055000	-5852.006888
-40.459298	-78.222238	9.068000	-5851.983879
-40.218470	-78.289443	9.081000	-5851.961147
-39.977641	-78.356645	9.095000	-5851.938829
-39.736909	-78.423898	9.108000	-5851.917029
-39.496028	-78.491182	9.122000	-5851.895790
-39.255297	-78.558427	9.136000	-5851.875154
-39.014469	-78.625612	9.150000	-5851.855085
-38.773737	-78.692849	9.164000	-5851.835526
-38.532857	-78.760116	9.178000	-5851.816362
-38.292126	-78.827345	9.192000	-5851.797483
-38.051298	-78.894513	9.206000	-5851.778714
-37.810515	-78.961824	9.221000	-5851.759871
-37.569784	-79.029041	9.235000	-5851.740701
-37.328957	-79.096197	9.250000	-5851.720934
-37.088174	-79.163496	9.264000	-5851.700482
-36.847295	-79.230735	9.279000	-5851.679306
-36.606564	-79.297935	9.294000	-5851.657432
-36.365782	-79.365221	9.309000	-5851.634895
-36.124955	-79.432358	9.324000	-5851.611943
-35.884173	-79.499636	9.340000	-5851.588866
-35.643391	-79.566910	9.355000	-5851.565850
-35.402565	-79.634034	9.369000	-5851.543062
-35.161783	-79.701300	9.383000	-5851.520631
-34.921001	-79.768562	9.397000	-5851.498665
-34.680219	-79.835820	9.411000	-5851.477235
-34.439438	-79.903074	9.425000	-5851.456370
-34.198560	-79.970268	9.440000	-5851.436056
-33.957832	-80.037423	9.454000	-5851.416261
-33.717050	-80.104665	9.469000	-5851.396878
-33.476269	-80.171902	9.483000	-5851.377795
-33.235489	-80.239136	9.498000	-5851.358864
-32.994708	-80.306365	9.513000	-5851.339916
-32.753779	-80.373625	9.527000	-5851.320755
-32.512998	-80.440846	9.542000	-5851.301182
-32.272218	-80.508063	9.557000	-5851.280917
-32.031438	-80.575276	9.573000	-5851.259889
-31.790658	-80.642485	9.588000	-5851.238092
-31.549825	-80.709780	9.603000	-5851.215599
-31.309046	-80.776981	9.618000	-5851.192753
-31.068266	-80.844177	9.634000	-5851.169774
-30.827434	-80.911460	9.649000	-5851.146855
-30.586655	-80.978649	9.665000	-5851.124195
-30.345876	-81.045833	9.681000	-5851.101937
-30.105044	-81.113104	9.696000	-5851.080184
-29.864265	-81.180280	9.712000	-5851.059027
-29.623434	-81.247542	9.728000	-5851.038471
-29.382603	-81.314801	9.744000	-5851.018499
-29.141921	-81.382020	9.760000	-5850.999049
-28.901090	-81.449271	9.776000	-5850.979978
-28.660312	-81.516426	9.792000	-5850.961145
-28.419481	-81.583668	9.809000	-5850.942338
-28.178651	-81.650906	9.825000	-5850.923347
-27.937820	-81.718140	9.841000	-5850.903936
-27.697086	-81.785426	9.855000	-5850.883874
-27.456309	-81.852561	9.869000	-5850.862932
-27.215479	-81.919782	9.882000	-5850.840821
-26.974649	-81.987000	9.896000	-5850.817451
-26.733916	-82.054269	9.910000	-5850.792853
-26.493087	-82.121478	9.924000	-5850.767211
-26.252257	-82.188683	9.937000	-5850.740761
-26.011524	-82.255940	9.951000	-5850.713754
-25.770695	-82.323137	9.965000	-5850.686427
-25.529866	-82.390330	9.980000	-5850.659020
-25.289081	-82.457665	9.994000	-5850.631742
-25.048253	-82.524850	10.008000	-5850.604801
-24.807424	-82.592030	10.022000	-5850.578347
-24.566692	-82.659262	10.036000	-5850.552506
-24.325812	-82.726525	10.051000	-5850.527341
-24.085080	-82.793749	10.065000	-5850.502924
-23.844252	-82.860913	10.079000	-5850.479236
-23.603468	-82.928220	10.094000	-5850.456232
-23.362640	-82.995375	10.108000	-5850.433850
-23.121909	-83.062583	10.123000	-5850.411973
-22.881029	-83.129821	10.137000	-5850.390446
-22.640298	-83.197021	10.152000	-5850.369133
-22.399418	-83.264251	10.166000	-5850.347840
-22.158635	-83.331532	10.181000	-5850.326674
-21.917808	-83.398663	10.196000	-5850.305848
-21.677025	-83.465937	10.210000	-5850.285167
-21.436243	-83.533206	10.225000	-5850.264436
-21.195416	-83.600325	10.240000	-5850.243472
-20.954634	-83.667586	10.255000	-5850.222084
-20.713851	-83.734843	10.270000	-5850.200131
-20.472973	-83.802040	10.284000	-5850.177491
-20.232191	-83.869289	10.299000	-5850.154081
-19.991409	-83.936534	10.313000	-5850.129846
-19.750583	-84.003628	10.326000	-5850.104777
-19.509801	-84.070864	10.339000	-5850.078877
-19.269020	-84.138097	10.352000	-5850.052207
-19.028186	-84.205415	10.365000	-5850.024840
-18.787405	-84.272639	10.379000	-5849.996914
-18.546527	-84.339803	10.392000	-5849.968546
-18.305746	-84.407019	10.405000	-5849.939898
-18.064965	-84.474231	10.419000	-5849.911124
-17.824185	-84.541439	10.432000	-5849.882382
-17.583404	-84.608642	10.446000	-5849.853819
-17.342571	-84.675932	10.459000	-5849.825416
-17.101694	-84.743071	10.472000	-5849.797153
-16.860914	-84.810262	10.486000	-5849.768969
-16.620082	-84.877540	10.499000	-5849.740855
-16.379302	-84.944723	10.513000	-5849.712830
-16.138469	-85.011992	10.526000	-5849.684849
-15.897690	-85.079167	10.539000	-5849.656910
-15.656858	-85.146428	10.553000	-5849.628957
-15.416078	-85.213594	10.566000	-5849.600984
-15.175247	-85.280847	10.580000	-5849.572935
-14.934468	-85.348005	10.593000	-5849.544813
-14.693636	-85.415249	10.607000	-5849.516574
-14.452805	-85.482490	10.620000	-5849.488222
-14.212122	-85.549692	10.634000	-5849.459773
-13.971291	-85.616924	10.647000	-5849.431201
-13.730460	-85.684152	10.661000	-5849.402542
-13.489629	-85.751375	10.674000	-5849.373820
-13.248799	-85.818595	10.688000	-5849.345067
-13.007968	-85.885811	10.701000	-5849.316320
-12.767138	-85.953022	10.715000	-5849.287623
-12.526404	-86.020285	10.728000	-5849.259017
-12.285574	-86.087489	10.742000	-5849.230512
-12.044744	-86.154688	10.755000	-5849.202084
-11.803914	-86.221883	10.768000	-5849.173520
-11.563180	-86.289129	10.781000	-5849.144816
-11.322351	-86.356316	10.794000	-5849.115990
-11.081522	-86.423499	10.808000	-5849.087074
-10.840692	-86.490677	10.821000	-5849.058096
-10.599959	-86.557907	10.834000	-5849.029092
-10.359078	-86.625168	10.847000	-5849.000070
-10.118249	-86.692334	10.860000	-5848.971091
-9.877516	-86.759552	10.873000	-5848.942175
-9.636635	-86.826800	10.886000	-5848.913329
-9.395903	-86.894009	10.900000	-5848.884611
-9.155022	-86.961249	10.913000	-5848.856012
-8.914194	-87.028395	10.926000	-5848.827579
-8.673409	-87.095682	10.939000	-5848.799306
-8.432582	-87.162819	10.952000	-5848.771221
-8.191797	-87.230099	10.965000	-5848.743312
-7.950970	-87.297227	10.978000	-5848.715610
-7.710186	-87.364498	10.991000	-5848.688077
-7.469306	-87.431709	11.004000	-5848.660686
-7.228575	-87.498882	11.017000	-5848.633423
-6.987792	-87.566140	11.030000	-5848.606225
-6.746912	-87.633339	11.043000	-5848.579057
-6.506129	-87.700589	11.056000	-5848.551786
-6.265250	-87.767779	11.069000	-5848.524270
-6.024519	-87.834931	11.081000	-5848.496420
-5.783737	-87.902169	11.094000	-5848.468134
-5.542858	-87.969347	11.107000	-5848.439386
-5.302075	-88.036576	11.120000	-5848.410187
-5.061293	-88.103802	11.133000	-5848.380585
-4.820415	-88.170967	11.145000	-5848.350665
-4.579633	-88.238184	11.159000	-5848.320565
-4.338798	-88.305488	11.173000	-5848.290435
-4.097920	-88.372641	11.187000	-5848.260497
-3.857139	-88.439846	11.201000	-5848.230965
-3.616357	-88.507046	11.214000	-5848.202074
-3.375576	-88.574243	11.228000	-5848.173964
-3.134742	-88.641525	11.242000	-5848.146652
-2.893961	-88.708714	11.255000	-5848.120231
-2.653084	-88.775842	11.269000	-5848.094702
-2.412250	-88.843112	11.282000	-5848.070023
-2.171469	-88.910288	11.296000	-5848.046125
-1.930636	-88.977550	11.309000	-5848.022846
-1.689856	-89.044717	11.323000	-5848.000074
-1.449023	-89.111971	11.336000	-5847.977600
-1.208243	-89.179130	11.350000	-5847.955203
-0.967410	-89.246375	11.363000	-5847.932645
-0.726578	-89.313616	11.376000	-5847.909750
-0.485798	-89.380763	11.390000	-5847.886384
-0.244966	-89.447996	11.403000	-5847.862423
-0.004135	-89.515225	11.416000	-5847.837829
0.236698	-89.582449	11.429000	-5847.812598
0.477477	-89.649579	11.442000	-5847.786792
0.718309	-89.716796	11.456000	-5847.760485
0.959140	-89.784008	11.469000	-5847.733828
1.199972	-89.851216	11.482000	-5847.706999
1.440803	-89.918420	11.495000	-5847.680162
1.681634	-89.985619	11.507000	-5847.653429
1.922369	-90.052871	11.520000	-5847.626912
2.163200	-90.120062	11.533000	-5847.600710
2.404030	-90.187249	11.546000	-5847.574931
2.644861	-90.254433	11.559000	-5847.549670
2.885691	-90.321611	11.571000	-5847.525017
3.126478	-90.388932	11.586000	-5847.501042
3.367308	-90.456103	11.600000	-5847.477796
3.608138	-90.523269	11.615000	-5847.455188
3.848968	-90.590432	11.629000	-5847.433139
4.089754	-90.657736	11.643000	-5847.411563
4.330584	-90.724890	11.657000	-5847.390395
4.571413	-90.792040	11.672000	-5847.369550
4.812199	-90.859332	11.686000	-5847.348944
5.053028	-90.926473	11.700000	-5847.328522
5.293910	-90.993701	11.714000	-5847.308203
5.534642	-91.060890	11.728000	-5847.287948
5.775524	-91.128109	11.742000	-5847.267682
6.016309	-91.195380	11.756000	-5847.247400
6.257137	-91.262501	11.769000	-5847.226997
6.498018	-91.329708	11.783000	-5847.206325
6.738803	-91.396967	11.797000	-5847.185304
6.979631	-91.464075	11.810000	-5847.163885
7.220415	-91.531325	11.824000	-5847.142040
7.461296	-91.598515	11.838000	-5847.119798
7.702080	-91.665757	11.851000	-5847.097231
7.942864	-91.732995	11.864000	-5847.074436
8.183744	-91.800173	11.878000	-5847.051540
8.424527	-91.867402	11.891000	-5847.028711
8.665407	-91.934571	11.904000	-5847.006103
8.906191	-92.001793	11.917000	-5846.983759
9.146974	-92.069010	11.931000	-5846.961690
9.387853	-92.136166	11.944000	-5846.939905
9.628636	-92.203375	11.957000	-5846.918411
9.869419	-92.270580	11.969000	-5846.897203
10.110298	-92.337724	11.982000	-5846.876271
10.351080	-92.404920	11.995000	-5846.855609
10.591916	-92.472202	12.008000	-5846.835127
10.832794	-92.539334	12.023000	-5846.814616
11.073576	-92.606518	12.037000	-5846.793940
11.314411	-92.673787	12.052000	-5846.772987
11.555193	-92.740963	12.066000	-5846.751712
11.796027	-92.808224	12.080000	-5846.730065
12.036905	-92.875335	12.095000	-5846.708076
12.277687	-92.942498	12.109000	-5846.685788
12.518521	-93.009747	12.123000	-5846.663281
12.759354	-93.076991	12.137000	-5846.640691
13.000136	-93.144141	12.151000	-5846.618191
13.240969	-93.211378	12.165000	-5846.595949
13.481803	-93.278610	12.179000	-5846.574188
13.722583	-93.345748	12.193000	-5846.553254
13.963417	-93.412971	12.207000	-5846.533279
14.204250	-93.480191	12.221000	-5846.514282
14.445083	-93.547406	12.234000	-5846.496231
14.685863	-93.614528	12.248000	-5846.479066
14.926695	-93.681735	12.261000	-5846.462658
15.167528	-93.748938	12.275000	-5846.446868
15.408360	-93.816136	12.288000	-5846.431474
15.649192	-93.883331	12.301000	-5846.416252
15.890024	-93.950521	12.315000	-5846.400994
16.130856	-94.017707	12.328000	-5846.385511
16.371688	-94.084889	12.341000	-5846.369636
16.612520	-94.152067	12.354000	-5846.353228
16.853404	-94.219331	12.366000	-5846.336170
17.094139	-94.286556	12.379000	-5846.318404
17.334971	-94.353722	12.392000	-5846.299878
17.575802	-94.420883	12.405000	-5846.280582
17.816685	-94.488130	12.417000	-5846.260529
18.057516	-94.555283	12.430000	-5846.239794
18.298251	-94.622487	12.442000	-5846.218447
18.539134	-94.689722	12.455000	-5846.196577
18.779965	-94.756862	12.469000	-5846.174446
19.020752	-94.824144	12.482000	-5846.152383
19.261582	-94.891276	12.495000	-5846.130530
19.502464	-94.958494	12.508000	-5846.108937
19.743198	-95.025673	12.520000	-5846.087655
19.984081	-95.092883	12.533000	-5846.066458
20.224910	-95.159998	12.546000	-5846.045153
20.465696	-95.227255	12.558000	-5846.023699
20.706578	-95.294452	12.571000	-5846.002087
20.947364	-95.361701	12.583000	-5845.980306
21.188193	-95.428799	12.596000	-5845.958357
21.429075	-95.495983	12.608000	-5845.936223
21.669860	-95.563219	12.620000	-5845.913928
21.910741	-95.630395	12.632000	-5845.891497
22.151527	-95.697623	12.644000	-5845.868969
22.392312	-95.764847	12.656000	-5845.846392
22.633192	-95.832010	12.668000	-5845.823822
22.873977	-95.899225	12.680000	-5845.801328
23.114858	-95.966380	12.691000	-5845.778978
23.355642	-96.033587	12.703000	-5845.756848
23.596523	-96.100734	12.714000	-5845.735002
23.837307	-96.167932	12.726000	-5845.713522
24.078091	-96.235126	12.737000	-5845.692575
24.319023	-96.302350	12.748000	-5845.672242
24.559807	-96.369536	12.759000	-5845.652596
24.800591	-96.436718	12.770000	-5845.633631
25.041523	-96.503929	12.781000	-5845.615270
25.282306	-96.571103	12.792000	-5845.597457
25.523089	-96.638272	12.803000	-5845.580093
25.763925	-96.705527	12.814000	-5845.563072
26.004804	-96.772631	12.824000	-5845.546309
26.245640	-96.839878	12.835000	-5845.529685
26.486422	-96.907030	12.845000	-5845.513108
26.727258	-96.974269	12.855000	-5845.496457
26.968093	-97.041503	12.865000	-5845.479634
27.208875	-97.108642	12.875000	-5845.462547
27.449806	-97.175812	12.885000	-5845.445085
27.690640	-97.243033	12.895000	-5845.427173
27.931422	-97.310160	12.905000	-5845.408741
28.172256	-97.377373	12.915000	-5845.389707
28.413091	-97.444582	12.924000	-5845.370027
28.653925	-97.511787	12.934000	-5845.349665
28.894759	-97.578987	12.943000	-5845.328596
29.135593	-97.646183	12.953000	-5845.306735
29.376426	-97.713375	12.962000	-5845.284161
29.617260	-97.780563	12.971000	-5845.261073
29.858093	-97.847747	12.980000	-5845.237682
30.098927	-97.914926	12.989000	-5845.214199
30.339760	-97.982101	12.998000	-5845.190819
30.580593	-98.049272	13.006000	-5845.167712
30.821426	-98.116439	13.015000	-5845.145016
31.062162	-98.183658	13.024000	-5845.122832
31.303048	-98.250906	13.032000	-5845.101198
31.543880	-98.318060	13.040000	-5845.080143
31.784712	-98.385210	13.049000	-5845.059617
32.025597	-98.452446	13.057000	-5845.039522
32.266429	-98.519588	13.065000	-5845.019743
32.507165	-98.586781	13.073000	-5845.000101
32.748050	-98.654004	13.081000	-5844.980374
32.988881	-98.721133	13.089000	-5844.960350
33.229766	-98.788348	13.096000	-5844.939761
33.470501	-98.855525	13.104000	-5844.918375
33.711385	-98.922731	13.111000	-5844.895922
33.952269	-98.989933	13.119000	-5844.872289
34.193004	-99.057097	13.127000	-5844.847478
34.433887	-99.124291	13.135000	-5844.821422
34.674770	-99.191480	13.142000	-5844.794236
34.915505	-99.258632	13.150000	-5844.766066
35.156388	-99.325813	13.157000	-5844.737025
35.397175	-99.393046	13.164000	-5844.707290
35.638058	-99.460218	13.172000	-5844.677011
35.878941	-99.527387	13.179000	-5844.646350
36.119727	-99.594607	13.186000	-5844.615463
36.360610	-99.661767	13.193000	-5844.584480
36.601396	-99.728979	13.199000	-5844.553534
36.842278	-99.796130	13.206000	-5844.522728
37.083064	-99.863334	13.213000	-5844.492161
37.323850	-99.930533	13.219000	-5844.461904
37.564732	-99.997672	13.226000	-5844.432012
37.805517	-100.064863	13.232000	-5844.402534
38.046399	-100.131993	13.238000	-5844.373493
38.287237	-100.199266	13.244000	-5844.344905
38.528022	-100.266444	13.250000	-5844.316774
38.768903	-100.333562	13.256000	-5844.288938
39.009741	-100.400821	13.262000	-5844.261380
39.250525	-100.467987	13.268000	-5844.234141
39.491459	-100.535182	13.273000	-5844.207213
39.732243	-100.602339	13.279000	-5844.180628
39.973028	-100.669492	13.284000	-5844.154365
40.213961	-100.736674	13.289000	-5844.128398
40.454797	-100.803909	13.295000	-5844.102731
40.695581	-100.871049	13.300000	-5844.077351
40.936418	-100.938275	13.305000	-5844.052204
41.177202	-101.005407	13.310000	-5844.027278
41.418134	-101.072568	13.314000	-5844.002503
41.658970	-101.139781	13.322000	-5843.977843
41.899806	-101.206990	13.330000	-5843.953237
42.140642	-101.274195	13.337000	-5843.928625
42.381425	-101.341306	13.344000	-5843.903951
42.622261	-101.408502	13.352000	-5843.879122
42.863096	-101.475694	13.359000	-5843.854083
43.103931	-101.542882	13.366000	-5843.828775
43.344767	-101.610066	13.373000	-5843.803261
43.585602	-101.677245	13.380000	-5843.777540
43.826436	-101.744420	13.386000	-5843.751544
44.067271	-101.811591	13.393000	-5843.725198
44.308106	-101.878758	13.400000	-5843.698421
44.548993	-101.946011	13.406000	-5843.671135
44.789828	-102.013169	13.412000	-5843.643369
45.030662	-102.080323	13.419000	-5843.615137
45.271496	-102.147473	13.425000	-5843.586473
45.512383	-102.214708	13.431000	-5843.557405
45.753216	-102.281850	13.437000	-5843.528002
45.993954	-102.349043	13.443000	-5843.498308
46.234840	-102.416266	13.448000	-5843.468351
46.475674	-102.483395	13.454000	-5843.438218
46.716560	-102.550609	13.460000	-5843.407937
46.957393	-102.617729	13.465000	-5843.377590
47.198183	-102.684991	13.470000	-5843.347209
47.439016	-102.752103	13.476000	-5843.316861
47.679901	-102.819301	13.481000	-5843.286571
47.920734	-102.886404	13.486000	-5843.256455
48.161523	-102.953649	13.491000	-5843.226661
48.402408	-103.020834	13.496000	-5843.197308
48.643293	-103.088014	13.500000	-5843.168480
48.884029	-103.155157	13.505000	-5843.140233
49.124914	-103.222329	13.510000	-5843.112540
49.365702	-103.289553	13.509000	-5843.085390
49.606587	-103.356716	13.508000	-5843.058759
49.847471	-103.423876	13.508000	-5843.032623
50.088259	-103.491087	13.507000	-5843.006896
50.329143	-103.558238	13.506000	-5842.981487
50.569931	-103.625440	13.505000	-5842.956317
50.810815	-103.692583	13.504000	-5842.931304
51.051602	-103.759777	13.503000	-5842.906380
51.292486	-103.826911	13.501000	-5842.881478
51.533273	-103.894097	13.500000	-5842.856546
51.774209	-103.961312	13.498000	-5842.831522
52.014996	-104.028489	13.497000	-5842.806397
52.255783	-104.095662	13.495000	-5842.781129
52.496666	-104.162775	13.493000	-5842.755667
52.737505	-104.230030	13.491000	-5842.729866
52.978388	-104.297134	13.489000	-5842.703743
53.219227	-104.364380	13.487000	-5842.677296
53.460013	-104.431532	13.485000	-5842.650566
53.700948	-104.498713	13.483000	-5842.623540
53.941734	-104.565856	13.481000	-5842.596263
54.182573	-104.633085	13.478000	-5842.568720
54.423358	-104.700220	13.476000	-5842.540948
54.664293	-104.767384	13.473000	-5842.512909
54.905078	-104.834511	13.470000	-5842.484598
55.145916	-104.901723	13.467000	-5842.456017
55.386754	-104.968931	13.464000	-5842.427224
55.627592	-105.036134	13.461000	-5842.398270
55.868525	-105.103277	13.458000	-5842.369212
56.109310	-105.170382	13.455000	-5842.340139
56.350148	-105.237573	13.452000	-5842.311099
56.590985	-105.304759	13.448000	-5842.282187
56.831822	-105.371942	13.445000	-5842.253492
57.072659	-105.439120	13.435000	-5842.225106
57.313496	-105.506293	13.425000	-5842.197095
57.554333	-105.573463	13.415000	-5842.169486
57.795169	-105.640628	13.405000	-5842.142301
58.036006	-105.707789	13.395000	-5842.115563
58.276842	-105.774946	13.385000	-5842.089289
58.517731	-105.842188	13.374000	-5842.063484
58.758567	-105.909337	13.364000	-5842.038183
58.999403	-105.976480	13.353000	-5842.013384
59.240239	-106.043620	13.343000	-5841.989095
59.481127	-106.110845	13.332000	-5841.965311
59.721963	-106.177977	13.321000	-5841.942056
59.962851	-106.245193	13.310000	-5841.919262
60.203590	-106.312372	13.299000	-5841.896886
60.444425	-106.379491	13.288000	-5841.874850
60.685313	-106.446695	13.277000	-5841.853079
60.926200	-106.513895	13.266000	-5841.831514
61.167035	-106.581000	13.255000	-5841.810095
61.407827	-106.648248	13.243000	-5841.788731
61.648661	-106.715345	13.232000	-5841.767375
61.889548	-106.782528	13.220000	-5841.745943
62.130435	-106.849706	13.208000	-5841.724423
62.371226	-106.916936	13.197000	-5841.702810
62.612060	-106.984016	13.185000	-5841.681108
62.852946	-107.051182	13.173000	-5841.659296
63.093737	-107.118400	13.161000	-5841.637384
63.334623	-107.185557	13.149000	-5841.615370
63.575413	-107.252766	13.137000	-5841.593259
63.816299	-107.319915	13.124000	-5841.571051
64.057185	-107.387059	13.112000	-5841.548749
64.297975	-107.454255	13.099000	-5841.526360
64.538860	-107.521391	13.087000	-5841.503884
64.779650	-107.588579	13.074000	-5841.481330
65.020535	-107.655706	13.061000	-5841.458830
65.261325	-107.722885	13.048000	-5841.436590
65.502262	-107.790094	13.035000	-5841.414620
65.743051	-107.857264	13.022000	-5841.392937
65.983936	-107.924375	13.009000	-5841.371480
66.224725	-107.991537	12.996000	-5841.350175
66.465566	-108.058785	12.983000	-5841.328875
66.706451	-108.125882	12.969000	-5841.307446
66.947292	-108.193121	12.956000	-5841.285847
67.188080	-108.260266	12.942000	-5841.264091
67.429017	-108.327441	12.929000	-5841.242150
67.669805	-108.394577	12.915000	-5841.220044
67.910645	-108.461799	12.901000	-5841.197746
68.151529	-108.528871	12.887000	-5841.175276
68.392369	-108.596084	12.873000	-5841.152612
68.633209	-108.663294	12.859000	-5841.129763
68.873996	-108.730409	12.845000	-5841.106738
69.114932	-108.797553	12.831000	-5841.083512
69.355772	-108.864750	12.817000	-5841.060103
69.596612	-108.931942	12.802000	-5841.036509
69.837398	-108.999040	12.788000	-5841.012747
70.078238	-109.066224	12.774000	-5840.988834
70.319077	-109.133403	12.759000	-5840.964954
70.560012	-109.200522	12.744000	-5840.941193
70.800851	-109.267692	12.730000	-5840.917641
71.041690	-109.334859	12.715000	-5840.894386
71.282528	-109.402021	12.700000	-5840.871442
71.523367	-109.469179	12.685000	-5840.848753
71.764205	-109.536333	12.670000	-5840.826266
72.005096	-109.603572	12.655000	-5840.803925
72.245935	-109.670717	12.640000	-5840.781704
72.486773	-109.737858	12.625000	-5840.759559
72.727611	-109.804994	12.611000	-5840.737464
72.968501	-109.872216	12.596000	-5840.715390
73.209339	-109.939344	12.581000	-5840.693344
73.450176	-110.006468	12.566000	-5840.671314
73.690971	-110.073733	12.551000	-5840.649301
73.931808	-110.140849	12.536000	-5840.627321
74.172698	-110.208049	12.521000	-5840.605376
74.413535	-110.275156	12.505000	-5840.583499
74.654424	-110.342348	12.490000	-5840.561687
74.895261	-110.409446	12.475000	-5840.539971
75.136054	-110.476686	12.459000	-5840.518345
75.376944	-110.543865	12.444000	-5840.496785
75.617780	-110.610950	12.428000	-5840.475264
75.858669	-110.678120	12.413000	-5840.453932
76.099462	-110.745343	12.397000	-5840.432908
76.340350	-110.812505	12.381000	-5840.412102
76.581186	-110.879573	12.365000	-5840.391435
76.821979	-110.946783	12.349000	-5840.370804
77.062867	-111.013932	12.334000	-5840.350121
77.303755	-111.081077	12.318000	-5840.329308
77.544547	-111.148274	12.301000	-5840.308300
77.785435	-111.215410	12.285000	-5840.287031
78.026227	-111.282598	12.269000	-5840.265470
78.267115	-111.349726	12.253000	-5840.243581
78.507906	-111.416906	12.237000	-5840.221367
78.748846	-111.484114	12.220000	-5840.198817
78.989638	-111.551285	12.204000	-5840.175982
79.230525	-111.618396	12.187000	-5840.152880
79.471316	-111.685559	12.171000	-5840.129569
79.712256	-111.752750	12.154000	-5840.106086
79.953046	-111.819904	12.138000	-5840.082516
80.193933	-111.886997	12.123000	-5840.058898
80.434776	-111.954233	12.108000	-5840.035117
80.675567	-112.021374	12.093000	-5840.010967
80.916506	-112.088544	12.078000	-5839.986564
81.157296	-112.155676	12.063000	-5839.962083
81.398235	-112.222838	12.048000	-5839.937639
81.639024	-112.289962	12.033000	-5839.913395
81.879867	-112.357171	12.017000	-5839.889448
82.120709	-112.424376	12.002000	-5839.865907
82.361595	-112.491431	11.987000	-5839.842855
82.602437	-112.558627	11.971000	-5839.820344
82.843279	-112.625819	11.956000	-5839.798411
83.084068	-112.692917	11.941000	-5839.777069
83.325006	-112.760044	11.925000	-5839.756286
83.565847	-112.827224	11.909000	-5839.736042
83.806689	-112.894398	11.894000	-5839.716277
84.047530	-112.961569	11.878000	-5839.696921
84.288371	-113.028735	11.863000	-5839.677893
84.529213	-113.095897	11.847000	-5839.659105
84.770054	-113.163055	11.831000	-5839.640474
85.010894	-113.230208	11.815000	-5839.621995
85.251735	-113.297357	11.799000	-5839.604035
85.492576	-113.364502	11.783000	-5839.586576
85.733469	-113.431732	11.767000	-5839.569486
85.974309	-113.498868	11.751000	-5839.552641
86.215149	-113.566000	11.735000	-5839.535924
86.455989	-113.633128	11.719000	-5839.519235
86.696882	-113.700341	11.703000	-5839.502484
86.937722	-113.767460	11.687000	-5839.485607
87.178562	-113.834574	11.671000	-5839.468533
87.419454	-113.901774	11.654000	-5839.451195
87.660293	-113.968880	11.638000	-5839.433553
87.901185	-114.036072	11.624000	-5839.415543
88.142024	-114.103169	11.610000	-5839.397129
88.382820	-114.170408	11.596000	-5839.378255
88.623712	-114.237587	11.582000	-5839.358872
88.864551	-114.304671	11.567000	-5839.338942
89.105442	-114.371841	11.553000	-5839.318403
89.346333	-114.439006	11.539000	-5839.297209
89.587076	-114.506134	11.525000	-5839.275327
89.827967	-114.573291	11.510000	-5839.252829
90.068858	-114.640444	11.496000	-5839.229818
90.309653	-114.707648	11.482000	-5839.206344
90.550543	-114.774792	11.467000	-5839.182454
90.791434	-114.841932	11.453000	-5839.158315
91.032228	-114.909123	11.438000	-5839.134029
91.273119	-114.976254	11.424000	-5839.109606
91.514009	-115.043381	11.409000	-5839.085054
91.754803	-115.110560	11.394000	-5839.060365
91.995693	-115.177678	11.380000	-5839.035509
92.236487	-115.244848	11.365000	-5839.010455
92.477376	-115.311957	11.350000	-5838.985145
92.718170	-115.379119	11.336000	-5838.959524
92.959112	-115.446309	11.321000	-5838.933506
93.199905	-115.513462	11.306000	-5838.907044
93.440794	-115.580554	11.291000	-5838.880042
93.681640	-115.647788	11.277000	-5838.852419
93.922529	-115.714871	11.262000	-5838.824122
94.163322	-115.782007	11.247000	-5838.795088
94.404167	-115.849228	11.232000	-5838.764931
94.645056	-115.916298	11.217000	-5838.733299
94.885901	-115.983510	11.202000	-5838.700205
95.126693	-116.050629	11.187000	-5838.665746
95.367634	-116.117776	11.172000	-5838.630002
95.608479	-116.184975	11.159000	-5838.593159
95.849271	-116.252080	11.146000	-5838.555398
96.090115	-116.319271	11.134000	-5838.516902
96.331055	-116.386401	11.121000	-5838.477985
96.571900	-116.453583	11.108000	-5838.438948
96.812691	-116.520671	11.095000	-5838.400055
97.053535	-116.587844	11.082000	-5838.361488
97.294475	-116.654956	11.069000	-5838.323427
97.535319	-116.722121	11.056000	-5838.286010
97.776162	-116.789281	11.043000	-5838.249300
98.017006	-116.856437	11.030000	-5838.213322
98.257849	-116.923589	11.017000	-5838.178053
98.498693	-116.990736	11.004000	-5838.143426
98.739536	-117.057879	10.991000	-5838.109338
98.980379	-117.125018	10.978000	-5838.075581
99.221275	-117.192242	10.965000	-5838.041811
99.462117	-117.259372	10.952000	-5838.007944
99.702960	-117.326497	10.939000	-5837.973900
99.943802	-117.393619	10.926000	-5837.939644
100.184698	-117.460825	10.912000	-5837.905158
100.425540	-117.527938	10.899000	-5837.870502
100.666382	-117.595046	10.886000	-5837.835722
100.907277	-117.662240	10.873000	-5837.800905
101.148119	-117.729340	10.860000	-5837.766368
101.389013	-117.796524	10.846000	-5837.732263
101.629855	-117.863615	10.833000	-5837.698724
101.870653	-117.930848	10.820000	-5837.665812
102.111494	-117.997930	10.807000	-5837.633582
102.352389	-118.065098	10.793000	-5837.602015
102.593282	-118.132261	10.780000	-5837.571082
102.834123	-118.199330	10.767000	-5837.540709
103.074921	-118.266542	10.754000	-5837.510748
103.315815	-118.333692	10.742000	-5837.481035
103.556708	-118.400838	10.731000	-5837.451413
103.797505	-118.468036	10.719000	-5837.421913
104.038399	-118.535173	10.708000	-5837.392392
104.279292	-118.602306	10.696000	-5837.362721
104.520036	-118.669401	10.685000	-5837.332820
104.760928	-118.736525	10.673000	-5837.302596
105.001874	-118.803735	10.662000	-5837.272044
105.242671	-118.870906	10.650000	-5837.241220
105.483563	-118.938018	10.639000	-5837.210167
105.724359	-119.005181	10.627000	-5837.179003
105.965251	-119.072283	10.616000	-5837.147846
106.206048	-119.139438	10.604000	-5837.116883
106.446939	-119.206532	10.593000	-5837.086259
106.687788	-119.273767	10.581000	-5837.056092
106.928680	-119.340852	10.570000	-5837.026477
107.169475	-119.407989	10.558000	-5836.997471
107.410419	-119.475155	10.547000	-5836.969069
107.651215	-119.542284	10.535000	-5836.941282
107.892063	-119.609497	10.523000	-5836.914018
108.132954	-119.676561	10.512000	-5836.887211
108.373801	-119.743766	10.500000	-5836.861282
108.614596	-119.810877	10.489000	-5836.836373
108.855540	-119.878017	10.477000	-5836.812347
109.096387	-119.945209	10.466000	-5836.789087
109.337182	-120.012307	10.454000	-5836.766431
109.578125	-120.079434	10.443000	-5836.744168
109.818972	-120.146612	10.431000	-5836.722106
110.059766	-120.213697	10.420000	-5836.700015
110.300612	-120.280868	10.408000	-5836.677634
110.541459	-120.348034	10.397000	-5836.654709
110.782401	-120.415139	10.385000	-5836.630963
111.023248	-120.482296	10.374000	-5836.606132
111.264094	-120.549448	10.363000	-5836.579990
111.504940	-120.616597	10.353000	-5836.552518
111.745786	-120.683741	10.342000	-5836.523523
111.986632	-120.750881	10.331000	-5836.492815
112.227478	-120.818016	10.320000	-5836.460225
112.468323	-120.885147	10.309000	-5836.425610
112.709169	-120.952274	10.298000	-5836.388848
112.950067	-121.019486	10.288000	-5836.350108
113.190912	-121.086604	10.277000	-5836.309719
113.431758	-121.153717	10.266000	-5836.267762
113.672655	-121.220916	10.255000	-5836.224290
113.913500	-121.288021	10.245000	-5836.179371
114.154345	-121.355121	10.234000	-5836.132979
114.395242	-121.422307	10.223000	-5836.085039
114.636087	-121.489399	10.212000	-5836.035488
114.876984	-121.556576	10.202000	-5835.984134
115.117828	-121.623659	10.191000	-5835.930822
115.358629	-121.690884	10.180000	-5835.875286
115.599473	-121.757958	10.170000	-5835.817279
115.840370	-121.825117	10.159000	-5835.756478
116.081267	-121.892273	10.148000	-5835.692602
116.322110	-121.959334	10.138000	-5835.625395
116.562911	-122.026537	10.127000	-5835.555055
116.803807	-122.093679	10.116000	-5835.481709
117.044703	-122.160817	10.106000	-5835.405328
117.285503	-122.228006	10.095000	-5835.325917
117.526399	-122.295135	10.085000	-5835.242773
117.767294	-122.362260	10.074000	-5835.154724
118.008094	-122.429437	10.064000	-5835.062050
118.248989	-122.496552	10.053000	-5834.965023
118.489885	-122.563664	10.043000	-5834.863989
118.730684	-122.630828	10.031000	-5834.759300
118.971579	-122.697930	10.019000	-5834.651239
119.212378	-122.765085	10.008000	-5834.540182
119.453273	-122.832179	9.996000	-5834.426395
119.694072	-122.899325	9.985000	-5834.310238
119.935019	-122.966500	9.973000	-5834.191911
120.175818	-123.033638	9.962000	-5834.071838
120.416712	-123.100714	9.950000	-5833.950187
120.657563	-123.167932	9.939000	-5833.827232
120.898457	-123.235000	9.927000	-5833.703240
121.139255	-123.302120	9.916000	-5833.578467
121.380106	-123.369325	9.904000	-5833.453066
121.621000	-123.436380	9.893000	-5833.327470
121.861850	-123.503576	9.882000	-5833.202258
122.102648	-123.570679	9.870000	-5833.077337
122.343594	-123.637810	9.859000	-5832.951106
122.584444	-123.704993	9.848000	-5832.823586
122.825241	-123.772082	9.836000	-5832.694858
123.066187	-123.839200	9.825000	-5832.564887
123.307037	-123.906370	9.814000	-5832.433872
123.547886	-123.973536	9.803000	-5832.301855
123.788736	-124.040697	9.791000	-5832.168914
124.029532	-124.107764	9.780000	-5832.035162
124.270382	-124.174917	9.769000	-5831.900598
124.511327	-124.242009	9.758000	-5831.765282
124.752176	-124.309152	9.747000	-5831.629371
124.993024	-124.376292	9.736000	-5831.492882
125.233873	-124.443427	9.725000	-5831.355873
125.474722	-124.510557	9.714000	-5831.218400
125.715623	-124.577773	9.703000	-5831.080482
125.956472	-124.644895	9.692000	-5830.942239
126.197320	-124.712013	9.681000	-5830.803687
126.438168	-124.779126	9.667000	-5830.664879
126.679016	-124.846234	9.654000	-5830.525901
126.919917	-124.913428	9.640000	-5830.387067
127.160765	-124.980528	9.626000	-5830.248507
127.401612	-125.047624	9.613000	-5830.110185
127.642513	-125.114804	9.599000	-5829.972078
127.883360	-125.181891	9.586000	-5829.834251
128.124260	-125.249063	9.573000	-5829.696666
128.365011	-125.316198	9.559000	-5829.559451
128.605911	-125.383361	9.546000	-5829.422452
128.846758	-125.450430	9.532000	-5829.285790
129.087658	-125.517584	9.519000	-5829.149428
129.328557	-125.584734	9.506000	-5829.013394
129.569308	-125.651847	9.493000	-5828.877769
129.810207	-125.718988	9.479000	-5828.742374
130.051106	-125.786125	9.466000	-5828.607272
130.292005	-125.853257	9.453000	-5828.472435
130.532756	-125.920353	9.440000	-5828.337906
130.773654	-125.987476	9.427000	-5828.203467
131.014553	-126.054595	9.414000	-5828.069141
131.255356	-126.121767	9.401000	-5827.934926
131.496254	-126.188877	9.388000	-5827.800587
131.737056	-126.256040	9.375000	-5827.666172
131.977954	-126.323141	9.362000	-5827.531802
132.218852	-126.390239	9.349000	-5827.397915
132.459707	-126.457478	9.336000	-5827.264579
132.700605	-126.524566	9.323000	-5827.131655
132.941407	-126.591707	9.310000	-5826.999301
133.182304	-126.658786	9.297000	-5826.867374
133.423106	-126.725918	9.285000	-5826.736062
133.664056	-126.793078	9.272000	-5826.605235
133.904857	-126.860202	9.259000	-5826.475104
134.145659	-126.927320	9.242000	-5826.345638
134.386608	-126.994467	9.225000	-5826.216812
134.627409	-127.061577	9.209000	-5826.088853
134.868263	-127.128772	9.192000	-5825.961748
135.109159	-127.195817	9.175000	-5825.835459
135.350013	-127.263003	9.158000	-5825.710232
135.590813	-127.330095	9.141000	-5825.586008
135.831762	-127.397216	9.125000	-5825.462745
136.072615	-127.464389	9.108000	-5825.340281
136.313468	-127.531557	9.092000	-5825.218141
136.554268	-127.598632	9.075000	-5825.096213
136.795217	-127.665735	9.058000	-5824.974335
137.036069	-127.732890	9.042000	-5824.852569
137.276922	-127.800041	9.025000	-5824.730698
137.517774	-127.867188	9.009000	-5824.608743
137.758626	-127.934330	8.993000	-5824.486745
137.999425	-128.001378	8.976000	-5824.364719
138.240373	-128.068455	8.960000	-5824.242642
138.481278	-128.135673	8.944000	-5824.120761
138.722130	-128.202797	8.927000	-5823.998944
138.962981	-128.269917	8.911000	-5823.877226
139.203833	-128.337033	8.895000	-5823.755610
139.444684	-128.404144	8.879000	-5823.634080
139.685535	-128.471251	8.863000	-5823.512609
139.926386	-128.538353	8.847000	-5823.391152
140.167290	-128.605541	8.831000	-5823.269687
140.408141	-128.672634	8.815000	-5823.148064
140.648896	-128.739780	8.799000	-5823.026000
140.889799	-128.806955	8.783000	-5822.902426
141.130650	-128.874035	8.767000	-5822.777048
141.371553	-128.941200	8.751000	-5822.649657
141.612403	-129.008272	8.736000	-5822.519894
141.853306	-129.075428	8.719000	-5822.387599
142.094156	-129.142491	8.702000	-5822.252433
142.334963	-129.209695	8.685000	-5822.113484
142.575866	-129.276839	8.668000	-5821.969625
142.816715	-129.343888	8.652000	-5821.820683
143.057618	-129.411023	8.635000	-5821.666472
143.298424	-129.478209	8.618000	-5821.506811
143.539326	-129.545335	8.602000	-5821.341081
143.780175	-129.612367	8.585000	-5821.169077
144.020981	-129.679540	8.569000	-5820.990754
144.261883	-129.746653	8.552000	-5820.805423
144.502785	-129.813761	8.536000	-5820.612972
144.743590	-129.880921	8.520000	-5820.413343
144.984492	-129.948020	8.503000	-5820.205989
145.225297	-130.015171	8.487000	-5819.992244
145.466198	-130.082261	8.471000	-5819.774314
145.707003	-130.149404	8.455000	-5819.551359
145.947957	-130.216575	8.438000	-5819.321894
146.188762	-130.283708	8.422000	-5819.085489
146.429663	-130.350781	8.406000	-5818.841462
146.670468	-130.417906	8.390000	-5818.590323
146.911421	-130.485059	8.374000	-5818.332184
147.152225	-130.552175	8.358000	-5818.068262
147.393125	-130.619230	8.342000	-5817.797579
147.633983	-130.686426	8.327000	-5817.516577
147.874787	-130.753529	8.311000	-5817.225262
148.115739	-130.820660	8.295000	-5816.924142
148.356543	-130.887754	8.279000	-5816.614358
148.597400	-130.954933	8.264000	-5816.296549
148.838299	-131.021961	8.248000	-5815.971263
149.079155	-131.089131	8.232000	-5815.639932
149.320012	-131.156297	8.217000	-5815.303201
149.560815	-131.223369	8.201000	-5814.961976
149.801671	-131.290525	8.186000	-5814.617411
150.042623	-131.357621	8.171000	-5814.271025
150.283478	-131.424769	8.155000	-5813.924169
150.524281	-131.491823	8.140000	-5813.577228
150.765137	-131.558962	8.125000	-5813.230885
151.005992	-131.626096	8.110000	-5812.885731
151.246847	-131.693226	8.095000	-5812.542360
151.487703	-131.760352	8.080000	-5812.201357
151.728558	-131.827473	8.065000	-5811.863295
151.969508	-131.894533	8.050000	-5811.528497
152.210363	-131.961646	8.035000	-5811.198028
152.451271	-132.028843	8.020000	-5810.871730
152.692125	-132.095946	8.005000	-5810.541529
152.932884	-132.163102	7.990000	-5810.206811
153.173738	-132.230197	7.975000	-5809.869578
153.414592	-132.297287	7.961000	-5809.532409
153.655499	-132.364462	7.946000	-5809.197491
153.896353	-132.431544	7.931000	-5808.866708
154.137207	-132.498620	7.917000	-5808.541910
154.378114	-132.565782	7.902000	-5808.224843
154.618967	-132.632850	7.888000	-5807.917241
154.859874	-132.700003	7.873000	-5807.620820
155.100631	-132.767119	7.859000	-5807.337200
155.341537	-132.834263	7.844000	-5807.067453
155.582443	-132.901403	7.830000	-5806.813206
155.823296	-132.968449	7.816000	-5806.575802
156.064106	-133.035636	7.801000	-5806.357006
156.305012	-133.102762	7.787000	-5806.157675
156.545864	-133.169795	7.773000	-5805.979288
156.786674	-133.236969	7.759000	-5805.823467
157.027579	-133.304082	7.745000	-5805.690900
157.268484	-133.371190	7.732000	-5805.582810
157.509294	-133.438351	7.718000	-5805.500184
157.750199	-133.505451	7.705000	-5805.443547
157.991008	-133.572603	7.692000	-5805.412720
158.231912	-133.639694	7.679000	-5805.405144
158.472817	-133.706780	7.666000	-5805.418226
158.713625	-133.773918	7.653000	-5805.448879
158.954530	-133.840996	7.640000	-5805.493497
159.195338	-133.908126	7.627000	-5805.556737
159.436146	-133.975251	7.614000	-5805.638877
159.677103	-134.042404	7.602000	-5805.736285
159.917911	-134.109521	7.589000	-5805.845083
160.158815	-134.176576	7.576000	-5805.961385
160.399676	-134.243772	7.564000	-5806.081596
160.640579	-134.310819	7.551000	-5806.201377
160.881387	-134.377917	7.538000	-5806.317143
161.122247	-134.445101	7.526000	-5806.425116
161.363054	-134.512190	7.513000	-5806.521257
161.604010	-134.579308	7.501000	-5806.602076
161.844817	-134.646389	7.489000	-5806.663972
162.085677	-134.713555	7.478000	-5806.703733
162.326632	-134.780659	7.466000	-5806.717915
162.567439	-134.847726	7.455000	-5806.703674
162.808299	-134.914879	7.444000	-5806.659470
163.049158	-134.982026	7.432000	-5806.592727
163.289964	-135.049081	7.421000	-5806.502904
163.530824	-135.116219	7.410000	-5806.387436
163.771778	-135.183297	7.398000	-5806.243973
164.012637	-135.250427	7.387000	-5806.072678
164.253496	-135.317553	7.376000	-5805.874006
164.494355	-135.384674	7.365000	-5805.648829
164.735213	-135.451790	7.354000	-5805.398256
164.976072	-135.518902	7.344000	-5805.123618
165.216930	-135.586010	7.334000	-5804.826438
165.457788	-135.653113	7.324000	-5804.508418
165.698646	-135.720212	7.314000	-5804.171405
165.939504	-135.787307	7.305000	-5803.817372
166.180415	-135.854486	7.295000	-5803.448373
166.421272	-135.921571	7.285000	-5803.066577
166.662130	-135.988652	7.276000	-5802.674150
166.902892	-136.055785	7.266000	-5802.273526
167.143802	-136.122947	7.257000	-5801.866381
167.384659	-136.190014	7.247000	-5801.455099
167.625569	-136.257167	7.238000	-5801.041690
167.866426	-136.324225	7.228000	-5800.628083
168.107240	-136.391425	7.219000	-5800.215247
168.348097	-136.458475	7.209000	-5799.800520
168.589007	-136.525610	7.200000	-5799.381678
168.829863	-136.592651	7.191000	-5798.959254
169.070677	-136.659833	7.182000	-5798.533965
169.311586	-136.726954	7.172000	-5798.105518
169.552495	-136.794071	7.163000	-5797.674396
169.793255	-136.861150	7.154000	-5797.241024
170.034164	-136.928258	7.145000	-5796.804946
170.275072	-136.995361	7.136000	-5796.366536
170.515885	-137.062517	7.127000	-5795.926198
170.756794	-137.129611	7.118000	-5795.483444
170.997606	-137.196758	7.109000	-5795.039037
171.238515	-137.263843	7.100000	-5794.592557
171.479327	-137.330981	7.091000	-5794.144857
171.720235	-137.398057	7.082000	-5793.695604
171.961047	-137.465186	7.074000	-5793.245747
172.201955	-137.532254	7.065000	-5792.795035
172.442767	-137.599374	7.056000	-5792.344490
172.683674	-137.666432	7.049000	-5791.893907
172.924539	-137.733632	7.042000	-5791.444672
173.165350	-137.800739	7.035000	-5790.996878
173.406257	-137.867784	7.028000	-5790.548153
173.647069	-137.934881	7.021000	-5790.098907
173.887933	-138.002063	7.014000	-5789.649025
174.128840	-138.069095	7.007000	-5789.198345
174.369703	-138.136268	7.000000	-5788.747737
174.610514	-138.203348	6.994000	-5788.297046
174.851474	-138.270456	6.987000	-5787.846192
175.092284	-138.337526	6.980000	-5787.395948
175.333148	-138.404682	6.973000	-5786.946212
175.574011	-138.471832	6.966000	-5786.497117
175.814821	-138.538890	6.960000	-5786.048779
176.055780	-138.605975	6.953000	-5785.601054
176.296643	-138.673112	6.947000	-5785.154660
176.537505	-138.740245	6.940000	-5784.709383
176.778315	-138.807285	6.934000	-5784.265294
177.019178	-138.874409	6.927000	-5783.822540
177.260040	-138.941528	6.921000	-5783.381204
177.500902	-139.008643	6.915000	-5782.941372
177.741765	-139.075754	6.908000	-5782.503028
177.982627	-139.142860	6.902000	-5782.066228
178.223489	-139.209961	6.896000	-5781.631053
178.464350	-139.277059	6.890000	-5781.196792
178.705212	-139.344151	6.883000	-5780.763197
178.946127	-139.411329	6.878000	-5780.330904
179.186988	-139.478412	6.872000	-5779.900392
179.427850	-139.545492	6.866000	-5779.472173
179.668711	-139.612566	6.861000	-5779.046651
179.909529	-139.679782	6.855000	-5778.624503
180.150390	-139.746848	6.849000	-5778.205271
180.391251	-139.813910	6.845000	-5777.789462
180.632165	-139.881055	6.841000	-5777.377189
180.873025	-139.948108	6.837000	-5776.968358
181.113843	-140.015302	6.833000	-5776.563263
181.354704	-140.082345	6.829000	-5776.161025
181.595617	-140.149473	6.825000	-5775.761791
181.836381	-140.216564	6.821000	-5775.365463
182.077294	-140.283683	6.817000	-5774.971250
182.318207	-140.350798	6.813000	-5774.579647
182.558971	-140.417876	6.809000	-5774.190974
182.799884	-140.484981	6.805000	-5773.804732
183.040796	-140.552082	6.801000	-5773.421189
183.281613	-140.619236	6.797000	-5773.040660
183.522525	-140.686328	6.793000	-5772.662259
183.763289	-140.753383	6.790000	-5772.285112
184.004201	-140.820466	6.786000	-5771.908500
184.245017	-140.887602	6.782000	-5771.532938
184.485929	-140.954676	6.778000	-5771.157799
184.726745	-141.021802	6.774000	-5770.783674
184.967657	-141.088867	6.771000	-5770.409969
185.208525	-141.156074	6.767000	-5770.037366
185.449341	-141.223187	6.763000	-5769.665505
185.690252	-141.290238	6.759000	-5769.294208
185.931068	-141.357342	6.755000	-5768.924162
186.171978	-141.424385	6.751000	-5768.554865
186.412847	-141.491569	6.748000	-5768.187085
186.653662	-141.558660	6.744000	-5767.820565
186.894572	-141.625689	6.740000	-5767.455499
187.135440	-141.692860	6.737000	-5767.092726
187.376255	-141.759937	6.733000	-5766.731952
187.617122	-141.827098	6.730000	-5766.373426
187.857937	-141.894166	6.727000	-5766.017164
188.098900	-141.961262	6.724000	-5765.663127
188.339714	-142.028321	6.721000	-5765.311930
188.580581	-142.095465	6.719000	-5764.963510
188.821448	-142.162604	6.716000	-5764.613792
189.062262	-142.229650	6.714000	-5764.260396
189.303129	-142.296780	6.712000	-5763.904269
189.543995	-142.363905	6.710000	-5763.546152
189.784862	-142.431026	6.707000	-5763.186819
190.025728	-142.498143	6.705000	-5762.827021
190.266541	-142.565166	6.703000	-5762.467420
190.507408	-142.632274	6.701000	-5762.108839
190.748274	-142.699377	6.698000	-5761.751888
190.989139	-142.766476	6.696000	-5761.397215
191.230005	-142.833570	6.694000	-5761.045650
191.470871	-142.900659	6.692000	-5760.699930
191.711789	-142.967834	6.690000	-5760.361335
191.952655	-143.034914	6.687000	-5760.030286
192.193520	-143.101990	6.685000	-5759.707283
192.434385	-143.169062	6.683000	-5759.392636
192.675250	-143.236129	6.681000	-5759.086532
192.916073	-143.303337	6.679000	-5758.789373
193.156937	-143.370396	6.677000	-5758.500423
193.397802	-143.437449	6.675000	-5758.219862
193.638720	-143.504587	6.672000	-5757.947499
193.879488	-143.571689	6.670000	-5757.682162
194.120406	-143.638818	6.668000	-5757.419300
194.361270	-143.705853	6.666000	-5757.157889
194.602092	-143.773030	6.664000	-5756.897431
194.842955	-143.840057	6.661000	-5756.636355
195.083872	-143.907168	6.659000	-5756.373961
195.324693	-143.974331	6.657000	-5756.109272
195.565557	-144.041344	6.655000	-5755.840568
195.806474	-144.108442	6.653000	-5755.566867
196.047294	-144.175592	6.650000	-5755.286851
196.288211	-144.242680	6.647000	-5755.000125
196.528978	-144.309732	6.645000	-5754.707658
196.769894	-144.376812	6.642000	-5754.409764
197.010714	-144.443943	6.639000	-5754.107681
197.251630	-144.511014	6.637000	-5753.801955
197.492450	-144.578137	6.634000	-5753.494112
197.733270	-144.645255	6.631000	-5753.185161
197.974186	-144.712312	6.629000	-5752.876228
198.215005	-144.779421	6.627000	-5752.569138
198.455973	-144.846558	6.625000	-5752.264978
198.696793	-144.913658	6.623000	-5751.965675
198.937612	-144.980754	6.620000	-5751.672614
199.178432	-145.047845	6.619000	-5751.389427
199.419399	-145.114964	6.617000	-5751.118180
199.660218	-145.182046	6.614000	-5750.859754
199.901037	-145.249124	6.611000	-5750.614239
200.141909	-145.316286	6.609000	-5750.381643
200.382823	-145.383298	6.607000	-5750.161395
200.623695	-145.450451	6.603000	-5749.949942
200.864513	-145.517510	6.602000	-5749.744734
201.105384	-145.584654	6.600000	-5749.544906
201.346202	-145.651705	6.598000	-5749.349477
201.587073	-145.718840	6.596000	-5749.157497
201.827891	-145.785881	6.594000	-5748.967926
202.068858	-145.852950	6.592000	-5748.779638
202.309728	-145.920072	6.590000	-5748.591879
202.550599	-145.987189	6.588000	-5748.403502
202.791469	-146.054301	6.586000	-5748.213526
203.032287	-146.121320	6.584000	-5748.020991
203.273157	-146.188423	6.582000	-5747.825018
203.513932	-146.255579	6.579000	-5747.624887
203.754801	-146.322673	6.576000	-5747.419526
203.995671	-146.389763	6.574000	-5747.208359
204.236541	-146.456848	6.571000	-5746.991800
204.477411	-146.523929	6.569000	-5746.773274
204.718280	-146.591005	6.566000	-5746.552999
204.959150	-146.658077	6.564000	-5746.330888
205.200072	-146.725233	6.561000	-5746.108240
205.440845	-146.792352	6.559000	-5745.885736
205.681714	-146.859410	6.557000	-5745.662797
205.922583	-146.926464	6.554000	-5745.439344
206.163505	-146.993602	6.552000	-5745.215212
206.404278	-147.060703	6.549000	-5744.990425
206.645200	-147.127832	6.546000	-5744.764608
206.886068	-147.194867	6.543000	-5744.537846
207.126841	-147.261955	6.541000	-5744.310218
207.367762	-147.329070	6.538000	-5744.081376
207.608630	-147.396092	6.535000	-5743.851396
207.849456	-147.463255	6.533000	-5743.620294
208.090377	-147.530357	6.530000	-5743.387650
208.331149	-147.597422	6.525000	-5743.153550
208.572069	-147.664515	6.525000	-5742.917422
208.812894	-147.731660	6.524000	-5742.679201
209.053815	-147.798743	6.522000	-5742.438162
209.294586	-147.865790	6.519000	-5742.194057
209.535507	-147.932865	6.517000	-5741.946670
209.776331	-147.999992	6.514000	-5741.693781
210.017251	-148.067057	6.512000	-5741.433419
210.258075	-148.134175	6.505000	-5741.166399
210.498899	-148.201288	6.479000	-5740.893096
210.739819	-148.268340	6.466000	-5740.613909
210.980643	-148.335444	6.455000	-5740.329731
211.221467	-148.402544	6.459000	-5740.041136
211.462386	-148.469582	6.468000	-5739.748826
211.703262	-148.536761	6.464000	-5739.454049
211.944086	-148.603847	6.457000	-5739.157916
212.184909	-148.670929	6.453000	-5738.861739
212.425828	-148.737949	6.448000	-5738.566912
212.666704	-148.805110	6.446000	-5738.275395
212.907527	-148.872178	6.438000	-5737.989012
213.148350	-148.939241	6.421000	-5737.709759
213.389226	-149.006389	6.432000	-5737.439770
213.630048	-149.073443	6.452000	-5737.181380
213.871019	-149.140525	6.474000	-5736.936735
214.111841	-149.207570	6.475000	-5736.708498
214.352717	-149.274699	6.475000	-5736.494935
214.593592	-149.341824	6.473000	-5736.292877
214.834414	-149.408856	6.472000	-5736.099427
215.075289	-149.475972	6.470000	-5735.914398
215.316164	-149.543083	6.468000	-5735.737934
215.556985	-149.610101	6.467000	-5735.570171
215.797860	-149.677203	6.465000	-5735.411242
216.038734	-149.744301	6.463000	-5735.261281
216.279513	-149.811451	6.461000	-5735.120508
216.520387	-149.878539	6.459000	-5734.988835
216.761262	-149.945623	6.457000	-5734.866451
217.002136	-150.012703	6.455000	-5734.753426
217.243009	-150.079778	6.452000	-5734.649800
217.483883	-150.146848	6.450000	-5734.555581
217.724661	-150.213971	6.448000	-5734.470823
217.965535	-150.281032	6.446000	-5734.395296
218.206408	-150.348089	6.444000	-5734.328967
218.447334	-150.415230	6.442000	-5734.271705
218.688112	-150.482334	6.440000	-5734.223295
218.928985	-150.549377	6.438000	-5734.186660
219.169911	-150.616505	6.436000	-5734.164409
219.410688	-150.683596	6.434000	-5734.154788
219.651561	-150.750625	6.432000	-5734.155965
219.892487	-150.817739	6.431000	-5734.168847
220.133264	-150.884816	6.429000	-5734.192363
220.374189	-150.951920	6.427000	-5734.223703
220.614966	-151.018989	6.425000	-5734.260136
220.855891	-151.086084	6.423000	-5734.299142
221.096720	-151.153232	6.421000	-5734.338398
221.337592	-151.220229	6.419000	-5734.375632
221.578422	-151.287368	6.417000	-5734.409173
221.819346	-151.354445	6.415000	-5734.437267
222.060175	-151.421575	6.413000	-5734.458665
222.300951	-151.488611	6.411000	-5734.472221
222.541876	-151.555675	6.410000	-5734.477196
222.782704	-151.622791	6.407000	-5734.473102
223.023628	-151.689845	6.402000	-5734.459554
223.264457	-151.756952	6.399000	-5734.436569
223.505285	-151.824054	6.398000	-5734.406166
223.746113	-151.891152	6.396000	-5734.371087
223.987037	-151.958188	6.388000	-5734.331454
224.227865	-152.025277	6.386000	-5734.287494
224.468693	-152.092361	6.381000	-5734.239234
224.709574	-152.159529	6.372000	-5734.186721
224.950497	-152.226547	6.367000	-5734.130146
225.191325	-152.293617	6.362000	-5734.070722
225.432152	-152.360683	6.358000	-5734.008383
225.673032	-152.427833	6.356000	-5733.942998
225.913860	-152.494890	6.362000	-5733.874396
226.154740	-152.562031	6.375000	-5733.802465
226.395567	-152.629078	6.373000	-5733.727065
226.636393	-152.696121	6.372000	-5733.648114
226.877273	-152.763248	6.374000	-5733.565552
227.118153	-152.830371	6.373000	-5733.479339
227.358979	-152.897400	6.372000	-5733.389478
227.599859	-152.964513	6.371000	-5733.296007
227.840738	-153.031622	6.370000	-5733.198993
228.081564	-153.098638	6.368000	-5733.098969
228.322443	-153.165738	6.366000	-5732.996711
228.563322	-153.232833	6.365000	-5732.892391
228.804201	-153.299923	6.365000	-5732.786145
229.045027	-153.366921	6.363000	-5732.678093
229.285810	-153.434059	6.362000	-5732.568356
229.526688	-153.501136	6.361000	-5732.456891
229.767567	-153.568208	6.359000	-5732.343800
230.008445	-153.635276	6.358000	-5732.229115
230.249323	-153.702339	6.356000	-5732.112924
230.490106	-153.769455	6.355000	-5731.995207
230.731037	-153.836598	6.353000	-5731.875672
230.971915	-153.903647	6.352000	-5731.754278
231.212697	-153.970749	6.350000	-5731.630945
231.453574	-154.037789	6.349000	-5731.505492
231.694452	-154.104825	6.347000	-5731.377928
231.935287	-154.172002	6.345000	-5731.248269
232.176164	-154.239029	6.343000	-5731.116506
232.416946	-154.306108	6.342000	-5730.982783
232.657876	-154.373214	6.340000	-5730.846112
232.898657	-154.440284	6.338000	-5730.705580
233.139587	-154.507381	6.336000	-5730.561702
233.380368	-154.574442	6.335000	-5730.415371
233.621298	-154.641529	6.333000	-5730.267136
233.862132	-154.708670	6.331000	-5730.117852
234.103008	-154.775660	6.329000	-5729.968197
234.343842	-154.842791	6.327000	-5729.818867
234.584771	-154.909860	6.324000	-5729.670521
234.825551	-154.976893	6.322000	-5729.523961
235.066385	-155.044011	6.320000	-5729.379703
235.307314	-155.111067	6.317000	-5729.238719
235.548147	-155.178175	6.315000	-5729.103127
235.788980	-155.245279	6.313000	-5728.973531
236.029813	-155.312378	6.310000	-5728.850296
236.270741	-155.379415	6.308000	-5728.733669
236.511574	-155.446505	6.306000	-5728.623870
236.752407	-155.513590	6.304000	-5728.520948
236.993239	-155.580671	6.301000	-5728.424879
237.234071	-155.647747	6.299000	-5728.335081
237.474999	-155.714762	6.297000	-5728.250584
237.715884	-155.781917	6.294000	-5728.171125
237.956716	-155.848980	6.292000	-5728.096401
238.197548	-155.916037	6.290000	-5728.025883
238.438380	-155.983091	6.288000	-5727.958947
238.679265	-156.050228	6.286000	-5727.894803
238.920097	-156.117272	6.284000	-5727.832624
239.160981	-156.184400	6.282000	-5727.771342
239.401813	-156.251435	6.280000	-5727.709908
239.642697	-156.318554	6.278000	-5727.647065
239.883528	-156.385580	6.276000	-5727.581619
240.124412	-156.452689	6.274000	-5727.512218
240.365243	-156.519706	6.272000	-5727.437647
240.606127	-156.586806	6.269000	-5727.358412
240.846915	-156.653960	6.267000	-5727.275178
241.087746	-156.720962	6.265000	-5727.187194
241.328629	-156.788049	6.263000	-5727.093659
241.569513	-156.855131	6.259000	-5726.993930
241.810396	-156.922209	6.242000	-5726.887109
242.051184	-156.989339	6.223000	-5726.772679
242.292067	-157.056407	6.213000	-5726.651048
242.532950	-157.123471	6.202000	-5726.522796
242.773737	-157.190588	6.191000	-5726.388586
243.014620	-157.257642	6.166000	-5726.249098
243.255502	-157.324692	6.150000	-5726.105056
243.496289	-157.391795	6.140000	-5725.957179
243.737172	-157.458836	6.138000	-5725.806123
243.978054	-157.525872	6.136000	-5725.652539
244.218841	-157.592961	6.128000	-5725.497032
244.459776	-157.660076	6.125000	-5725.340050
244.700562	-157.727156	6.123000	-5725.182287
244.941444	-157.794174	6.117000	-5725.024128
245.182283	-157.861333	6.115000	-5724.866006
245.423165	-157.928341	6.109000	-5724.708551
245.664004	-157.995491	6.106000	-5724.552517
245.904885	-158.062490	6.104000	-5724.400541
246.145724	-158.129631	6.103000	-5724.253623
246.386510	-158.196678	6.103000	-5724.110543
246.627444	-158.263753	6.104000	-5723.967573
246.868229	-158.330791	6.103000	-5723.824936
247.109068	-158.397913	6.100000	-5723.682616
247.350002	-158.464973	6.100000	-5723.540797
247.590840	-158.532086	6.103000	-5723.399656
247.831625	-158.599106	6.104000	-5723.259389
248.072558	-158.666153	6.104000	-5723.120011
248.313396	-158.733252	6.106000	-5722.981797
248.554234	-158.800346	6.111000	-5722.844918
248.795071	-158.867436	6.119000	-5722.709576
249.035909	-158.934522	6.131000	-5722.575993
249.276842	-159.001545	6.143000	-5722.444389
249.517679	-159.068621	6.152000	-5722.315056
249.758516	-159.135693	6.165000	-5722.188249
249.999353	-159.202760	6.180000	-5722.064262
250.240190	-159.269822	6.194000	-5721.943404
250.481027	-159.336880	6.206000	-5721.826001
250.721917	-159.404021	6.231000	-5721.712346
250.962753	-159.471070	6.245000	-5721.602851
251.203590	-159.538114	6.259000	-5721.497555
251.444479	-159.605241	6.269000	-5721.396398
251.685315	-159.672276	6.271000	-5721.299412
251.926205	-159.739395	6.270000	-5721.206398
252.167041	-159.806420	6.270000	-5721.117290
252.407877	-159.873441	6.269000	-5721.031853
252.648670	-159.940603	6.266000	-5720.949826
252.889559	-160.007703	6.264000	-5720.870968
253.130394	-160.074710	6.261000	-5720.795025
253.371283	-160.141801	6.259000	-5720.721599
253.612171	-160.208887	6.257000	-5720.650374
253.852911	-160.275937	6.255000	-5720.581014
254.093800	-160.343014	6.252000	-5720.513042
254.334688	-160.410087	6.250000	-5720.446084
254.575576	-160.477155	6.248000	-5720.379711
254.816368	-160.544275	6.245000	-5720.313492
255.057256	-160.611334	6.243000	-5720.246961
255.297995	-160.678356	6.241000	-5720.179711
255.538882	-160.745405	6.238000	-5720.111933
255.779823	-160.812539	6.235000	-5720.044352
256.020615	-160.879636	6.233000	-5719.976660
256.261502	-160.946671	6.231000	-5719.909236
256.502294	-161.013759	6.228000	-5719.842003
256.743181	-161.080786	6.226000	-5719.774685
256.983972	-161.147864	6.223000	-5719.707095
257.224859	-161.214881	6.221000	-5719.639040
257.465703	-161.282040	6.218000	-5719.570397
257.706590	-161.349047	6.215000	-5719.501121
257.947381	-161.416108	6.212000	-5719.431185
258.188225	-161.483252	6.209000	-5719.360566
258.429111	-161.550246	6.206000	-5719.289365
258.669955	-161.617381	6.202000	-5719.217651
258.910745	-161.684422	6.200000	-5719.145594
259.151684	-161.751491	6.197000	-5719.073275
259.392528	-161.818612	6.194000	-5719.000917
259.633318	-161.885640	6.190000	-5718.928706
259.874256	-161.952695	6.187000	-5718.856735
260.115100	-162.019802	6.183000	-5718.785940
260.355889	-162.086816	6.179000	-5718.717403
260.596732	-162.153914	6.177000	-5718.650809
260.837575	-162.221007	6.176000	-5718.585798
261.078418	-162.288096	6.173000	-5718.521875
261.319356	-162.355123	6.171000	-5718.458523
261.560198	-162.422202	6.168000	-5718.395379
261.801040	-162.489277	6.165000	-5718.331962
262.041883	-162.556347	6.163000	-5718.267826
262.282725	-162.623413	6.160000	-5718.202563
262.523567	-162.690474	6.157000	-5718.135817
262.764409	-162.757530	6.154000	-5718.067294
263.005250	-162.824581	6.150000	-5717.996770
263.246092	-162.891628	6.147000	-5717.924097
263.486933	-162.958671	6.144000	-5717.849207
263.727828	-163.025797	6.141000	-5717.772076
263.968669	-163.092830	6.138000	-5717.692850
264.209415	-163.159916	6.135000	-5717.611668
264.450309	-163.227028	6.133000	-5717.528680
264.691150	-163.294047	6.129000	-5717.444477
264.932044	-163.361151	6.127000	-5717.359738
265.172885	-163.428160	6.123000	-5717.274949
265.413683	-163.495311	6.119000	-5717.190370
265.654524	-163.562312	6.113000	-5717.106252
265.895417	-163.629397	6.109000	-5717.022640
266.136311	-163.696476	6.098000	-5716.939564
266.377055	-163.763520	6.089000	-5716.856960
266.617949	-163.830591	6.096000	-5716.774490
266.858842	-163.897657	6.087000	-5716.692111
267.099639	-163.964775	6.061000	-5716.609774
267.340532	-164.031832	6.047000	-5716.527379
267.581276	-164.098853	6.038000	-5716.444901
267.822169	-164.165900	6.038000	-5716.362145
268.062966	-164.233000	6.049000	-5716.279066
268.303859	-164.300038	6.061000	-5716.195533
268.544655	-164.367129	6.065000	-5716.111458
268.785548	-164.434158	6.060000	-5716.026712
269.026344	-164.501239	6.053000	-5715.941220
269.267289	-164.568347	6.047000	-5715.855070
269.508086	-164.635419	6.037000	-5715.768612
269.748978	-164.702429	5.994000	-5715.681808
269.989774	-164.769492	5.975000	-5715.594754
270.230623	-164.836639	5.973000	-5715.507521
270.471515	-164.903635	5.974000	-5715.420350
270.712310	-164.970684	5.966000	-5715.333429
270.953159	-165.037817	5.959000	-5715.246944
271.194050	-165.104799	5.960000	-5715.161230
271.434899	-165.171923	5.962000	-5715.076491
271.675695	-165.238953	5.963000	-5714.993103
271.916543	-165.306067	5.952000	-5714.911248
272.157338	-165.373088	5.951000	-5714.831058
272.398282	-165.440135	5.962000	-5714.752392
272.639130	-165.507236	5.964000	-5714.675147
272.879925	-165.574243	5.964000	-5714.599103
273.120773	-165.641333	5.960000	-5714.523814
273.361621	-165.708420	5.960000	-5714.448853
273.602469	-165.775501	5.973000	-5714.373656
273.843316	-165.842578	5.977000	-5714.297858
274.084164	-165.909650	5.973000	-5714.221131
274.325011	-165.976718	5.963000	-5714.142927
274.565858	-166.043781	5.963000	-5714.062768
274.806705	-166.110839	5.961000	-5713.980267
275.047552	-166.177893	5.956000	-5713.895139
275.288399	-166.244942	5.949000	-5713.807204
275.529246	-166.311986	5.941000	-5713.716396
275.770093	-166.379025	5.937000	-5713.622758
276.010939	-166.446060	5.932000	-5713.526436
276.251744	-166.513236	5.920000	-5713.427620
276.492590	-166.580262	5.893000	-5713.326726
276.733436	-166.647283	5.869000	-5713.224087
276.974283	-166.714299	5.864000	-5713.120640
277.215182	-166.781400	5.861000	-5713.016916
277.455932	-166.848464	5.854000	-5712.913204
277.696831	-166.915555	5.849000	-5712.809491
277.937677	-166.982552	5.854000	-5712.705922
278.178480	-167.049691	5.841000	-5712.602347
278.419326	-167.116679	5.835000	-5712.497859
278.660224	-167.183752	5.849000	-5712.391368
278.901028	-167.250876	5.854000	-5712.282690
279.141873	-167.317851	5.861000	-5712.171674
279.382676	-167.384966	5.877000	-5712.058069
279.623574	-167.452020	5.879000	-5711.941857
279.864376	-167.519126	5.881000	-5711.823066
280.105274	-167.586170	5.880000	-5711.701793
280.346077	-167.653267	5.879000	-5711.578255
280.586974	-167.720301	5.874000	-5711.452731
280.827723	-167.787300	5.869000	-5711.325680
281.068621	-167.854326	5.864000	-5711.197410
281.309476	-167.921492	5.862000	-5711.068456
281.550278	-167.988566	5.855000	-5710.939493
281.791175	-168.055577	5.848000	-5710.811024
282.031976	-168.122641	5.835000	-5710.683575
282.272778	-168.189701	5.825000	-5710.557362
282.513675	-168.256698	5.815000	-5710.432750
282.754529	-168.323837	5.809000	-5710.309993
282.995330	-168.390882	5.805000	-5710.188489
283.236131	-168.457923	5.791000	-5710.067568
283.477081	-168.524990	5.777000	-5709.947073
283.717882	-168.592022	5.771000	-5709.827044
283.958736	-168.659137	5.767000	-5709.707255
284.199536	-168.726159	5.755000	-5709.587743
284.440390	-168.793265	5.744000	-5709.468330
284.681190	-168.860277	5.739000	-5709.349110
284.922044	-168.927374	5.738000	-5709.229980
285.162897	-168.994466	5.745000	-5709.111052
285.403697	-169.061464	5.749000	-5708.992483
285.644550	-169.128547	5.746000	-5708.874296
285.885404	-169.195624	5.746000	-5708.756727
286.126256	-169.262697	5.744000	-5708.639984
286.367056	-169.329677	5.746000	-5708.524359
286.607909	-169.396741	5.746000	-5708.409986
286.848761	-169.463800	5.749000	-5708.297170
287.089614	-169.530854	5.743000	-5708.186148
287.330466	-169.597904	5.737000	-5708.077109
287.571319	-169.664949	5.726000	-5707.969585
287.812171	-169.731989	5.716000	-5707.863274
288.052927	-169.799082	5.709000	-5707.758163
288.293833	-169.866202	5.705000	-5707.654128
288.534684	-169.933228	5.699000	-5707.551204
288.775536	-170.000249	5.704000	-5707.449259
289.016292	-170.067324	5.709000	-5707.348220
289.257197	-170.134424	5.714000	-5707.247942
289.498048	-170.201432	5.718000	-5707.148469
289.738804	-170.268492	5.717000	-5707.049718
289.979709	-170.335578	5.709000	-5706.951597
290.220560	-170.402572	5.705000	-5706.854208
290.461369	-170.469706	5.699000	-5706.757493
290.702219	-170.536691	5.692000	-5706.661562
290.943028	-170.603816	5.678000	-5706.566414
291.183879	-170.670790	5.667000	-5706.472195
291.424687	-170.737906	5.661000	-5706.378930
291.665591	-170.804960	5.664000	-5706.286737
291.906346	-170.871978	5.659000	-5706.195788
292.147249	-170.939022	5.645000	-5706.106366
292.388057	-171.006119	5.637000	-5706.018602
292.628960	-171.073154	5.630000	-5705.931837
292.869768	-171.140242	5.625000	-5705.845867
293.110575	-171.207325	5.612000	-5705.760607
293.351478	-171.274346	5.608000	-5705.675988
293.592286	-171.341419	5.600000	-5705.591993
293.833093	-171.408488	5.594000	-5705.508588
294.073900	-171.475552	5.590000	-5705.425769
294.314802	-171.542554	5.589000	-5705.343540
294.555609	-171.609609	5.585000	-5705.261960
294.796416	-171.676659	5.575000	-5705.181068
295.037223	-171.743705	5.570000	-5705.100927
295.278178	-171.810776	5.564000	-5705.021567
295.518985	-171.877812	5.558000	-5704.943158
295.759791	-171.944844	5.556000	-5704.865732
296.000650	-172.011958	5.558000	-5704.789329
296.241457	-172.078980	5.562000	-5704.714073
296.482263	-172.145998	5.568000	-5704.640022
296.723122	-172.213098	5.570000	-5704.567870
296.963981	-172.280195	5.570000	-5704.497789
297.204787	-172.347198	5.569000	-5704.429698
297.445646	-172.414285	5.571000	-5704.363405
297.686451	-172.481278	5.564000	-5704.299009
297.927310	-172.548356	5.550000	-5704.236462
298.168168	-172.615428	5.542000	-5704.175269
298.408973	-172.682408	5.534000	-5704.114939
298.649832	-172.749471	5.531000	-5704.054922
298.890595	-172.816587	5.545000	-5703.994816
299.131453	-172.883641	5.544000	-5703.934246
299.372311	-172.950690	5.547000	-5703.872909
299.613169	-173.017735	5.550000	-5703.810578
299.854026	-173.084774	5.551000	-5703.747104
300.094789	-173.151867	5.550000	-5703.682417
300.335646	-173.218897	5.568000	-5703.616516
300.576504	-173.285923	5.573000	-5703.549476
300.817266	-173.353001	5.569000	-5703.481434
301.058123	-173.420017	5.569000	-5703.412566
301.299033	-173.487117	5.569000	-5703.342912
301.539795	-173.554181	5.567000	-5703.272416
301.780652	-173.621183	5.563000	-5703.200955
302.021508	-173.688181	5.562000	-5703.128540
302.262323	-173.755319	5.563000	-5703.055229
302.503180	-173.822307	5.562000	-5702.981246
302.743994	-173.889436	5.558000	-5702.906772
302.984850	-173.956415	5.553000	-5702.832295
303.225665	-174.023534	5.555000	-5702.757885
303.466425	-174.090561	5.557000	-5702.683595
303.707335	-174.157614	5.554000	-5702.609340
303.948148	-174.224719	5.551000	-5702.535173
304.189004	-174.291674	5.549000	-5702.461143
304.429818	-174.358770	5.544000	-5702.387223
304.670631	-174.425861	5.546000	-5702.313500
304.911487	-174.492802	5.549000	-5702.240081
305.152300	-174.559884	5.547000	-5702.166987
305.393113	-174.626961	5.546000	-5702.094351
305.633926	-174.694034	5.547000	-5702.022295
305.874835	-174.761044	5.548000	-5701.950908
306.115647	-174.828107	5.552000	-5701.880043
306.356460	-174.895165	5.558000	-5701.809523
306.597273	-174.962219	5.563000	-5701.739190
306.838085	-175.029268	5.566000	-5701.668904
307.078898	-175.096312	5.569000	-5701.598545
307.319805	-175.163294	5.570000	-5701.528011
307.560671	-175.230417	5.573000	-5701.457196
307.801483	-175.297447	5.574000	-5701.386106
308.042295	-175.364472	5.574000	-5701.314750
308.283160	-175.431581	5.576000	-5701.243417
308.523972	-175.498597	5.579000	-5701.172032
308.764783	-175.565608	5.584000	-5701.100337
309.005648	-175.632702	5.585000	-5701.028064
309.246460	-175.699704	5.593000	-5700.955054
309.487229	-175.766847	5.597000	-5700.881001
309.728040	-175.833839	5.597000	-5700.805743
309.968905	-175.900915	5.596000	-5700.728977
310.209769	-175.967986	5.597000	-5700.650823
310.450580	-176.034964	5.596000	-5700.572115
310.691444	-176.102025	5.596000	-5700.492429
310.932213	-176.169140	5.595000	-5700.411406
311.173076	-176.236192	5.593000	-5700.328692
311.413887	-176.303151	5.592000	-5700.244053
311.654750	-176.370194	5.592000	-5700.157194
311.895519	-176.437289	5.592000	-5700.068024
312.136382	-176.504323	5.589000	-5699.976454
312.377245	-176.571351	5.584000	-5699.882485
312.618013	-176.638432	5.585000	-5699.786179
312.858876	-176.705451	5.586000	-5699.687623
313.099644	-176.772523	5.588000	-5699.586983
313.340507	-176.839533	5.592000	-5699.484235
313.581423	-176.906626	5.598000	-5699.379293
313.822190	-176.973683	5.604000	-5699.272407
314.063053	-177.040679	5.606000	-5699.163611
314.303820	-177.107727	5.605000	-5699.052985
314.544640	-177.174859	5.605000	-5698.940479
314.785502	-177.241840	5.603000	-5698.825731
315.026269	-177.308874	5.602000	-5698.707725
315.267184	-177.375934	5.601000	-5698.586590
315.507951	-177.442958	5.602000	-5698.462740
315.748771	-177.510066	5.607000	-5698.336336
315.989632	-177.577024	5.609000	-5698.207803
316.230452	-177.644122	5.610000	-5698.077372
316.471271	-177.711216	5.612000	-5697.945460
316.712133	-177.778159	5.613000	-5697.812512
316.952952	-177.845244	5.612000	-5697.678832
317.193771	-177.912323	5.612000	-5697.544909
317.434590	-177.979398	5.611000	-5697.411191
317.675356	-178.046380	5.598000	-5697.278199
317.916270	-178.113388	5.602000	-5697.146243
318.157089	-178.180449	5.601000	-5697.015848
318.397907	-178.247504	5.587000	-5696.887416
318.638726	-178.314556	5.584000	-5696.761319
318.879544	-178.381602	5.582000	-5696.637849
319.120362	-178.448644	5.577000	-5696.517229
319.361180	-178.515681	5.574000	-5696.398997
319.602052	-178.582801	5.547000	-5696.281853
319.842870	-178.649828	5.532000	-5696.165439
320.083687	-178.716851	5.523000	-5696.049261
320.324505	-178.783869	5.514000	-5695.932925
320.565323	-178.850882	5.512000	-5695.816099
320.806194	-178.917979	5.510000	-5695.698473
321.046916	-178.985040	5.511000	-5695.580005
321.287786	-179.052127	5.519000	-5695.460488
321.528604	-179.119122	5.543000	-5695.340077
321.769474	-179.186199	5.548000	-5695.218794
322.010291	-179.253184	5.556000	-5695.096980
322.251161	-179.320252	5.561000	-5694.974844
322.491882	-179.387285	5.563000	-5694.852912
322.732752	-179.454344	5.564000	-5694.731508
322.973622	-179.521398	5.566000	-5694.611214
323.214343	-179.588416	5.566000	-5694.492637
323.455213	-179.655461	5.564000	-5694.376175
323.696083	-179.722501	5.567000	-5694.262130
323.936857	-179.789593	5.565000	-5694.150018
324.177673	-179.856535	5.569000	-5694.039894
324.418447	-179.923618	5.568000	-5693.931689
324.659316	-179.990639	5.569000	-5693.825403
