-246.794022	120.855275	5.195000	-5881.512786
-246.551830	120.917489	5.195000	-5881.493252
-246.309640	120.979706	5.194000	-5881.473831
-246.067450	121.041923	5.194000	-5881.454576
-245.825357	121.104088	5.193000	-5881.435537
-245.583168	121.166308	5.193000	-5881.416419
-245.340980	121.228530	5.192000	-5881.397098
-245.098792	121.290753	5.192000	-5881.377627
-244.856605	121.352978	5.191000	-5881.358056
-244.614515	121.415150	5.191000	-5881.338443
-244.372329	121.477377	5.190000	-5881.318827
-244.130143	121.539606	5.190000	-5881.299266
-243.887958	121.601836	5.189000	-5881.279810
-243.645773	121.664068	5.189000	-5881.260510
-243.403686	121.726247	5.188000	-5881.241424
-243.161503	121.788481	5.188000	-5881.222591
-242.919320	121.850717	5.188000	-5881.204067
-242.677137	121.912955	5.187000	-5881.185903
-242.435001	121.975048	5.187000	-5881.168145
-242.192819	122.037288	5.186000	-5881.150853
-241.950639	122.099530	5.186000	-5881.134065
-241.708458	122.161773	5.185000	-5881.117754
-241.466375	122.223963	5.185000	-5881.101875
-241.224145	122.286117	5.184000	-5881.086358
-240.981966	122.348365	5.184000	-5881.071179
-240.739788	122.410613	5.183000	-5881.056276
-240.497610	122.472864	5.183000	-5881.041598
-240.255479	122.534969	5.182000	-5881.027087
-240.013302	122.597222	5.182000	-5881.012708
-239.771126	122.659477	5.182000	-5880.998402
-239.528900	122.721641	5.181000	-5880.984108
-239.286822	122.783844	5.181000	-5880.969800
-239.044647	122.846103	5.180000	-5880.955409
-238.802422	122.908271	5.180000	-5880.940877
-238.560249	122.970533	5.179000	-5880.926175
-238.318122	123.032650	5.179000	-5880.911297
-238.075950	123.094914	5.178000	-5880.896602
-237.833778	123.157180	5.178000	-5880.882100
-237.591652	123.219301	5.178000	-5880.867730
-237.349482	123.281570	5.177000	-5880.853455
-237.107260	123.343749	5.177000	-5880.839202
-236.865091	123.406020	5.176000	-5880.824942
-236.622968	123.468147	5.176000	-5880.810602
-236.380799	123.530422	5.176000	-5880.796145
-236.138580	123.592606	5.175000	-5880.781500
-235.896413	123.654883	5.175000	-5880.766635
-235.654291	123.717016	5.174000	-5880.751480
-235.412074	123.779204	5.174000	-5880.735986
-235.169908	123.841486	5.174000	-5880.720115
-234.927692	123.903677	5.173000	-5880.703793
-234.685573	123.965815	5.173000	-5880.686983
-234.443409	124.028101	5.172000	-5880.669661
-234.201194	124.090297	5.172000	-5880.651851
-233.959076	124.152439	5.172000	-5880.633622
-233.716914	124.214729	5.171000	-5880.615029
-233.474701	124.276929	5.171000	-5880.596106
-233.232488	124.339130	5.171000	-5880.576919
-232.990424	124.401370	5.170000	-5880.557536
-232.748212	124.463575	5.170000	-5880.537976
-232.506001	124.525780	5.170000	-5880.518309
-232.263888	124.587933	5.169000	-5880.498593
-232.021678	124.650141	5.169000	-5880.478868
-231.779519	124.712443	5.169000	-5880.459205
-231.537408	124.774599	5.168000	-5880.439638
-231.295199	124.836812	5.168000	-5880.420218
-231.052991	124.899026	5.168000	-5880.401004
-230.810784	124.961242	5.168000	-5880.381876
-230.568674	125.023404	5.167000	-5880.362543
-230.326468	125.085623	5.167000	-5880.343034
-230.084262	125.147843	5.167000	-5880.323406
-229.842154	125.210009	5.166000	-5880.303715
-229.600001	125.272324	5.166000	-5880.284012
-229.357797	125.334548	5.166000	-5880.264333
-229.115690	125.396719	5.166000	-5880.244745
-228.873487	125.458946	5.165000	-5880.225288
-228.631285	125.521174	5.165000	-5880.206019
-228.389129	125.583258	5.165000	-5880.186985
-228.146927	125.645490	5.165000	-5880.168247
-227.904726	125.707722	5.165000	-5880.149853
-227.662623	125.769902	5.164000	-5880.131858
-227.420424	125.832137	5.164000	-5880.114305
-227.178224	125.894374	5.164000	-5880.097247
-226.936123	125.956558	5.164000	-5880.080692
-226.693925	126.018798	5.164000	-5880.064582
-226.451727	126.081039	5.163000	-5880.048869
-226.209576	126.143136	5.163000	-5880.033497
-225.967379	126.205380	5.163000	-5880.018427
-225.725183	126.267626	5.163000	-5880.003603
-225.483085	126.329818	5.163000	-5879.988976
-225.240890	126.392067	5.163000	-5879.974489
-224.998644	126.454225	5.162000	-5879.960082
-224.756548	126.516422	5.162000	-5879.945731
-224.514355	126.578675	5.162000	-5879.931367
-224.272111	126.640837	5.162000	-5879.916930
-224.030015	126.703038	5.162000	-5879.902396
-223.787824	126.765295	5.162000	-5879.887695
-223.545581	126.827462	5.162000	-5879.872774
-223.303488	126.889668	5.162000	-5879.858060
-223.061298	126.951929	5.162000	-5879.843728
-222.819057	127.014100	5.162000	-5879.829664
-222.576965	127.076310	5.162000	-5879.815787
-222.334726	127.138484	5.162000	-5879.801968
-222.092538	127.200751	5.162000	-5879.788133
-221.850448	127.262965	5.162000	-5879.774182
-221.608210	127.325143	5.162000	-5879.760007
-221.366121	127.387360	5.162000	-5879.745552
-221.123884	127.449541	5.162000	-5879.730707
-220.881699	127.511815	5.162000	-5879.715424
-220.639560	127.573945	5.162000	-5879.699614
-220.397376	127.636222	5.162000	-5879.683225
-220.155141	127.698409	5.162000	-5879.666180
-219.913004	127.760543	5.162000	-5879.648439
-219.670822	127.822824	5.162000	-5879.629884
-219.428685	127.884961	5.162000	-5879.610436
-219.186504	127.947245	5.162000	-5879.590294
-218.944272	128.009439	5.162000	-5879.569628
-218.702138	128.071580	5.162000	-5879.548621
-218.459958	128.133868	5.162000	-5879.527425
-218.217728	128.196067	5.163000	-5879.506160
-217.975595	128.258212	5.163000	-5879.484968
-217.733365	128.320413	5.163000	-5879.463938
-217.491285	128.382653	5.163000	-5879.443185
-217.249057	128.444857	5.163000	-5879.422754
-217.006829	128.507063	5.163000	-5879.402722
-216.764699	128.569215	5.164000	-5879.383146
-216.522524	128.631515	5.164000	-5879.364059
-216.280395	128.693671	5.164000	-5879.345482
-216.038169	128.755882	5.164000	-5879.327372
-215.795944	128.818095	5.164000	-5879.309292
-215.553817	128.880254	5.165000	-5879.291120
-215.311593	128.942470	5.165000	-5879.272824
-215.069518	129.004724	5.165000	-5879.254421
-214.827295	129.066943	5.166000	-5879.235891
-214.585073	129.129162	5.166000	-5879.217276
-214.342948	129.191329	5.166000	-5879.198619
-214.100727	129.253552	5.166000	-5879.179957
-213.858604	129.315722	5.167000	-5879.161362
-213.616383	129.377947	5.167000	-5879.142887
-213.374261	129.440120	5.168000	-5879.124613
-213.132042	129.502349	5.168000	-5879.106606
-212.889824	129.564579	5.168000	-5879.088943
-212.647703	129.626755	5.169000	-5879.071702
-212.405485	129.688988	5.169000	-5879.054940
-212.163366	129.751168	5.170000	-5879.038701
-211.921149	129.813404	5.170000	-5879.022908
-211.678979	129.875495	5.170000	-5879.007469
-211.436764	129.937734	5.171000	-5878.992305
-211.194550	129.999974	5.171000	-5878.977323
-210.952433	130.062160	5.172000	-5878.962447
-210.710219	130.124403	5.172000	-5878.947598
-210.468103	130.186593	5.173000	-5878.932723
-210.225839	130.248748	5.173000	-5878.917758
-209.983725	130.310940	5.174000	-5878.902702
-209.741513	130.373189	5.174000	-5878.887523
-209.499302	130.435439	5.175000	-5878.872230
-209.257189	130.497636	5.176000	-5878.856854
-209.014928	130.559797	5.176000	-5878.841421
-208.772816	130.621997	5.177000	-5878.826032
-208.530607	130.684253	5.177000	-5878.810822
-208.288445	130.746364	5.178000	-5878.796016
-208.046238	130.808623	5.179000	-5878.781670
-207.804128	130.870829	5.179000	-5878.767797
-207.561870	130.932999	5.180000	-5878.754383
-207.319761	130.995207	5.181000	-5878.741444
-207.077504	131.057380	5.181000	-5878.728924
-206.835397	131.119592	5.182000	-5878.716807
-206.593192	131.181859	5.183000	-5878.705017
-206.350937	131.244036	5.184000	-5878.693469
-206.108831	131.306252	5.184000	-5878.682094
-205.866577	131.368432	5.185000	-5878.670760
-205.624472	131.430651	5.186000	-5878.659368
-205.382220	131.492834	5.187000	-5878.647755
-205.140116	131.555056	5.188000	-5878.635792
-204.897864	131.617242	5.189000	-5878.623320
-204.655761	131.679466	5.189000	-5878.610526
-204.413510	131.741655	5.190000	-5878.597446
-204.171357	131.803791	5.191000	-5878.584103
-203.929159	131.866074	5.192000	-5878.570516
-203.687007	131.928212	5.193000	-5878.556691
-203.444759	131.990407	5.194000	-5878.542657
-203.202659	132.052640	5.195000	-5878.528459
-202.960412	132.114837	5.196000	-5878.514106
-202.718262	132.176982	5.197000	-5878.499653
-202.476067	132.239274	5.198000	-5878.485146
-202.233918	132.301421	5.199000	-5878.470619
-201.991673	132.363624	5.200000	-5878.456123
-201.749577	132.425866	5.201000	-5878.441728
-201.507333	132.488072	5.202000	-5878.427462
-201.265186	132.550225	5.203000	-5878.413398
-201.022943	132.612434	5.204000	-5878.399432
-200.780798	132.674590	5.205000	-5878.385471
-200.538607	132.736894	5.206000	-5878.371517
-200.296463	132.799052	5.208000	-5878.357558
-200.054222	132.861267	5.209000	-5878.343596
-199.812079	132.923429	5.210000	-5878.329639
-199.569839	132.985647	5.211000	-5878.315676
-199.327697	133.047811	5.212000	-5878.301716
-199.085459	133.110032	5.214000	-5878.287747
-198.843318	133.172199	5.215000	-5878.273764
-198.601080	133.234423	5.216000	-5878.259754
-198.358940	133.296593	5.217000	-5878.245726
-198.116704	133.358820	5.219000	-5878.231672
-197.874565	133.420993	5.220000	-5878.217601
-197.632330	133.483222	5.221000	-5878.203507
-197.390192	133.545398	5.222000	-5878.189392
-197.147958	133.607630	5.224000	-5878.175229
-196.905821	133.669810	5.225000	-5878.161020
-196.663588	133.732045	5.226000	-5878.146757
-196.421453	133.794227	5.228000	-5878.132450
-196.179318	133.856410	5.229000	-5878.118100
-195.937086	133.918649	5.230000	-5878.103716
-195.694952	133.980836	5.232000	-5878.089320
-195.452670	134.042986	5.233000	-5878.074915
-195.210538	134.105176	5.235000	-5878.060554
-194.968308	134.167421	5.236000	-5878.046250
-194.726177	134.229613	5.237000	-5878.032047
-194.483949	134.291861	5.239000	-5878.017980
-194.241767	134.353964	5.240000	-5878.004095
-193.999540	134.416215	5.242000	-5877.990455
-193.757410	134.478413	5.243000	-5877.977114
-193.515281	134.540613	5.245000	-5877.964078
-193.273004	134.602776	5.246000	-5877.951382
-193.030876	134.664979	5.248000	-5877.939095
-192.788652	134.727237	5.249000	-5877.927229
-192.546474	134.789350	5.251000	-5877.915792
-192.304251	134.851611	5.252000	-5877.904790
-192.062125	134.913819	5.254000	-5877.894196
-191.819852	134.975992	5.255000	-5877.883956
-191.577727	135.038203	5.257000	-5877.874033
-191.335552	135.100324	5.258000	-5877.864334
-191.093331	135.162592	5.260000	-5877.854781
-190.851157	135.224716	5.261000	-5877.845259
-190.608938	135.286987	5.263000	-5877.835656
-190.366765	135.349114	5.264000	-5877.825831
-190.124546	135.411388	5.266000	-5877.815647
-189.882374	135.473518	5.268000	-5877.805110
-189.640254	135.535740	5.269000	-5877.794286
-189.397986	135.597927	5.271000	-5877.783097
-189.155867	135.660152	5.272000	-5877.771525
-188.913600	135.722342	5.274000	-5877.759527
-188.671482	135.784571	5.275000	-5877.747119
-188.429313	135.846709	5.277000	-5877.734294
-188.187048	135.908903	5.279000	-5877.721083
-187.944932	135.971136	5.280000	-5877.707541
-187.702668	136.033333	5.282000	-5877.693696
-187.460501	136.095477	5.283000	-5877.679629
-187.218387	136.157714	5.285000	-5877.665418
-186.976124	136.219916	5.287000	-5877.651121
-186.733959	136.282064	5.288000	-5877.636841
-186.491698	136.344269	5.290000	-5877.622660
-186.249585	136.406511	5.292000	-5877.608619
-186.007422	136.468664	5.293000	-5877.594553
-185.765163	136.530873	5.295000	-5877.580450
-185.523000	136.593029	5.296000	-5877.566303
-185.280742	136.655240	5.298000	-5877.552111
-185.038632	136.717490	5.300000	-5877.537899
-184.796472	136.779651	5.301000	-5877.523648
-184.554215	136.841867	5.303000	-5877.509372
-184.312055	136.904030	5.305000	-5877.495089
-184.069896	136.966194	5.306000	-5877.480806
-183.827641	137.028414	5.308000	-5877.466534
-183.585483	137.090582	5.309000	-5877.452303
-183.343229	137.152805	5.311000	-5877.438128
-183.101073	137.214975	5.313000	-5877.424047
-182.858916	137.277147	5.314000	-5877.410092
-182.616664	137.339375	5.316000	-5877.396292
-182.374509	137.401549	5.318000	-5877.382607
-182.132355	137.463725	5.319000	-5877.369084
-181.890104	137.525957	5.321000	-5877.355793
-181.647950	137.588136	5.322000	-5877.342802
-181.405701	137.650371	5.324000	-5877.330154
-181.163548	137.712553	5.326000	-5877.317885
-180.921397	137.774737	5.327000	-5877.306011
-180.679149	137.836976	5.329000	-5877.294526
-180.436947	137.899071	5.330000	-5877.283413
-180.194797	137.961259	5.332000	-5877.272650
-179.952550	138.023502	5.334000	-5877.262172
-179.710401	138.085693	5.335000	-5877.251917
-179.468253	138.147885	5.337000	-5877.241794
-179.226008	138.210133	5.338000	-5877.231696
-178.983809	138.272236	5.340000	-5877.221501
-178.741663	138.334433	5.342000	-5877.211249
-178.499420	138.396685	5.343000	-5877.200968
-178.257223	138.458793	5.345000	-5877.190551
-178.015078	138.520994	5.346000	-5877.179920
-177.772836	138.583251	5.348000	-5877.168995
-177.530641	138.645363	5.349000	-5877.157717
-177.288497	138.707568	5.351000	-5877.146065
-177.046258	138.769829	5.353000	-5877.134008
-176.804064	138.831946	5.354000	-5877.121542
-176.561922	138.894156	5.356000	-5877.108695
-176.319684	138.956421	5.357000	-5877.095487
-176.077492	139.018542	5.359000	-5877.081961
-175.835352	139.080756	5.360000	-5877.068194
-175.593064	139.142935	5.362000	-5877.054235
-175.350925	139.205151	5.363000	-5877.040198
-175.108735	139.267278	5.365000	-5877.026053
-174.866501	139.329553	5.366000	-5877.011572
-174.624312	139.391682	5.368000	-5876.996816
-174.382175	139.453905	5.369000	-5876.981897
-174.139891	139.516092	5.371000	-5876.966890
-173.897704	139.578227	5.372000	-5876.951904
-173.655569	139.640454	5.373000	-5876.937035
-173.413383	139.702591	5.375000	-5876.922348
-173.171152	139.764875	5.376000	-5876.907934
-172.928967	139.827015	5.378000	-5876.893855
-172.686783	139.889157	5.379000	-5876.880174
-172.444553	139.951445	5.380000	-5876.866944
-172.202370	140.013590	5.382000	-5876.854203
-171.960188	140.075736	5.383000	-5876.841989
-171.718006	140.137883	5.385000	-5876.830322
-171.475779	140.200178	5.386000	-5876.819219
-171.233598	140.262328	5.387000	-5876.808803
-170.991417	140.324480	5.389000	-5876.798993
-170.749141	140.386687	5.390000	-5876.789631
-170.507013	140.448933	5.391000	-5876.780578
-170.264834	140.511090	5.392000	-5876.771676
-170.022656	140.573247	5.394000	-5876.762801
-169.780381	140.635461	5.395000	-5876.753835
-169.538204	140.697621	5.396000	-5876.744681
-169.296028	140.759783	5.397000	-5876.735252
-169.053755	140.822001	5.399000	-5876.725483
-168.811580	140.884166	5.400000	-5876.715332
-168.569456	140.946423	5.401000	-5876.704785
-168.327282	141.008591	5.402000	-5876.693824
-168.085011	141.070815	5.403000	-5876.682477
-167.842838	141.132986	5.405000	-5876.670797
-167.600665	141.195158	5.406000	-5876.658951
-167.358493	141.257331	5.407000	-5876.647130
-167.116225	141.319561	5.408000	-5876.635401
-166.874054	141.381738	5.409000	-5876.623822
-166.631832	141.443824	5.410000	-5876.612420
-166.389662	141.506004	5.411000	-5876.601233
-166.147396	141.568239	5.412000	-5876.590257
-165.905227	141.630422	5.413000	-5876.579485
-165.663059	141.692606	5.414000	-5876.568886
-165.420892	141.754791	5.415000	-5876.558417
-165.178628	141.817032	5.416000	-5876.548015
-164.936461	141.879220	5.417000	-5876.537609
-164.694244	141.941319	5.418000	-5876.527100
-164.452079	142.003510	5.419000	-5876.516399
-164.209817	142.065757	5.420000	-5876.505375
-163.967652	142.127951	5.421000	-5876.493919
-163.725437	142.190056	5.422000	-5876.482007
-163.483274	142.252253	5.423000	-5876.469703
-163.241015	142.314506	5.424000	-5876.457040
-162.998853	142.376706	5.424000	-5876.444069
-162.756640	142.438816	5.425000	-5876.430823
-162.514479	142.501019	5.426000	-5876.417356
-162.272267	142.563132	5.427000	-5876.403695
-162.030010	142.625392	5.428000	-5876.389890
-161.787851	142.687599	5.428000	-5876.375978
-161.545641	142.749717	5.429000	-5876.361984
-161.303483	142.811927	5.430000	-5876.347961
-161.061177	142.874102	5.430000	-5876.333923
-160.819020	142.936315	5.431000	-5876.319930
-160.576863	142.998530	5.432000	-5876.306006
-160.334656	143.060654	5.432000	-5876.292165
-160.092501	143.122872	5.433000	-5876.278262
-159.850198	143.185054	5.433000	-5876.264185
-159.607992	143.247183	5.434000	-5876.249942
-159.365838	143.309405	5.434000	-5876.235536
-159.123634	143.371538	5.435000	-5876.220956
-158.881481	143.433762	5.435000	-5876.206233
-158.639181	143.495952	5.436000	-5876.191360
-158.397029	143.558180	5.436000	-5876.176382
-158.154827	143.620318	5.437000	-5876.161293
-157.912625	143.682457	5.437000	-5876.146125
-157.670476	143.744689	5.437000	-5876.130908
-157.428275	143.806832	5.438000	-5876.115640
-157.185978	143.869030	5.438000	-5876.100344
-156.943779	143.931176	5.438000	-5876.085044
-156.701631	143.993414	5.439000	-5876.069760
-156.459433	144.055562	5.439000	-5876.054565
-156.217235	144.117712	5.439000	-5876.039552
-155.974941	144.179917	5.439000	-5876.024659
-155.732795	144.242161	5.440000	-5876.009850
-155.490599	144.304315	5.440000	-5875.995046
-155.248403	144.366471	5.440000	-5875.980209
-155.006208	144.428628	5.440000	-5875.965297
-154.764014	144.490787	5.440000	-5875.950270
-154.521723	144.553001	5.440000	-5875.935091
-154.279581	144.615254	5.440000	-5875.919753
-154.037388	144.677417	5.441000	-5875.904208
-153.795196	144.739581	5.441000	-5875.888455
-153.553004	144.801747	5.441000	-5875.872485
-153.310813	144.863914	5.441000	-5875.856300
-153.068526	144.926138	5.441000	-5875.839901
-152.826336	144.988308	5.441000	-5875.823316
-152.584146	145.050480	5.441000	-5875.806618
-152.341957	145.112653	5.441000	-5875.789897
-152.099769	145.174828	5.441000	-5875.773226
-151.857581	145.237004	5.440000	-5875.756661
-151.615394	145.299182	5.440000	-5875.740241
-151.373059	145.361324	5.440000	-5875.723971
-151.130873	145.423505	5.440000	-5875.707888
-150.888687	145.485687	5.440000	-5875.691963
-150.646502	145.547870	5.440000	-5875.676168
-150.404318	145.610055	5.440000	-5875.660462
-150.162134	145.672242	5.440000	-5875.644787
-149.919951	145.734430	5.439000	-5875.629075
-149.677716	145.796528	5.439000	-5875.613235
-149.435437	145.858773	5.439000	-5875.597193
-149.193256	145.920966	5.439000	-5875.580840
-148.951075	145.983159	5.439000	-5875.563900
-148.708843	146.045264	5.438000	-5875.546300
-148.466663	146.107460	5.438000	-5875.528120
-148.224483	146.169659	5.438000	-5875.509420
-147.982253	146.231767	5.438000	-5875.490277
-147.740075	146.293968	5.437000	-5875.470810
-147.497800	146.356225	5.437000	-5875.451110
-147.255572	146.418338	5.437000	-5875.431295
-147.013395	146.480544	5.436000	-5875.411502
-146.771219	146.542751	5.436000	-5875.391847
-146.528992	146.604868	5.436000	-5875.372451
-146.286817	146.667078	5.435000	-5875.353477
-146.044591	146.729199	5.435000	-5875.335018
-145.802418	146.791412	5.435000	-5875.317198
-145.560193	146.853535	5.434000	-5875.300088
-145.318020	146.915751	5.434000	-5875.283748
-145.075700	146.977932	5.434000	-5875.268032
-144.833528	147.040150	5.433000	-5875.252821
-144.591306	147.102280	5.433000	-5875.237944
-144.349135	147.164501	5.432000	-5875.223284
-144.106914	147.226634	5.432000	-5875.208695
-143.864694	147.288767	5.432000	-5875.194069
-143.622525	147.350993	5.431000	-5875.179316
-143.380305	147.413130	5.431000	-5875.164326
-143.138086	147.475268	5.431000	-5875.149040
-142.895919	147.537498	5.430000	-5875.133416
-142.653701	147.599639	5.430000	-5875.117399
-142.411484	147.661782	5.429000	-5875.100986
-142.169221	147.724071	5.429000	-5875.084191
-141.927005	147.786217	5.428000	-5875.067030
-141.684790	147.848364	5.428000	-5875.049567
-141.442574	147.910512	5.428000	-5875.031925
-141.200411	147.972753	5.427000	-5875.014244
-140.958197	148.034904	5.427000	-5874.996606
-140.715984	148.097057	5.426000	-5874.979109
-140.473771	148.159211	5.426000	-5874.961820
-140.231559	148.221367	5.425000	-5874.944784
-139.989347	148.283524	5.425000	-5874.928025
-139.747187	148.345774	5.425000	-5874.911557
-139.504976	148.407934	5.424000	-5874.895341
-139.262766	148.470096	5.424000	-5874.879350
-139.020557	148.532259	5.423000	-5874.863525
-138.778348	148.594423	5.423000	-5874.847787
-138.536140	148.656589	5.423000	-5874.832039
-138.293932	148.718757	5.422000	-5874.816166
-138.051725	148.780926	5.422000	-5874.800032
-137.809518	148.843097	5.421000	-5874.783444
-137.567215	148.905323	5.421000	-5874.766337
-137.325009	148.967496	5.420000	-5874.748736
-137.082804	149.029671	5.420000	-5874.730666
-136.840600	149.091848	5.420000	-5874.712173
-136.598396	149.154026	5.419000	-5874.693319
-136.356141	149.216114	5.419000	-5874.674172
-136.113939	149.278295	5.419000	-5874.654841
-135.871736	149.340477	5.418000	-5874.635416
-135.629535	149.402661	5.418000	-5874.616008
-135.387334	149.464846	5.417000	-5874.596736
-135.145133	149.527033	5.417000	-5874.577725
-134.902882	149.589130	5.417000	-5874.559092
-134.660682	149.651320	5.416000	-5874.540989
-134.418483	149.713511	5.416000	-5874.523536
-134.176285	149.775703	5.416000	-5874.506750
-133.934036	149.837807	5.415000	-5874.490444
-133.691839	149.900002	5.415000	-5874.474570
-133.449642	149.962199	5.415000	-5874.459051
-133.207395	150.024307	5.415000	-5874.443806
-132.965200	150.086507	5.414000	-5874.428774
-132.723005	150.148708	5.414000	-5874.413865
-132.480759	150.210820	5.414000	-5874.398996
-132.238565	150.273025	5.413000	-5874.384120
-131.996321	150.335140	5.413000	-5874.369161
-131.754128	150.397347	5.413000	-5874.354095
-131.511936	150.459556	5.413000	-5874.338879
-131.269693	150.521675	5.413000	-5874.323483
-131.027502	150.583887	5.412000	-5874.307929
-130.785260	150.646010	5.412000	-5874.292207
-130.543070	150.708224	5.412000	-5874.276461
-130.300830	150.770350	5.412000	-5874.261184
-130.058641	150.832567	5.412000	-5874.246396
-129.816402	150.894696	5.412000	-5874.231974
-129.574163	150.956825	5.411000	-5874.217828
-129.331976	151.019048	5.411000	-5874.203867
-129.089738	151.081180	5.411000	-5874.189959
-128.847552	151.143406	5.411000	-5874.176022
-128.605315	151.205541	5.411000	-5874.161921
-128.363176	151.267624	5.411000	-5874.147563
-128.120992	151.329853	5.411000	-5874.132842
-127.878757	151.391994	5.411000	-5874.117627
-127.636522	151.454135	5.411000	-5874.101820
-127.394289	151.516278	5.411000	-5874.085310
-127.152107	151.578514	5.411000	-5874.068002
-126.909874	151.640660	5.411000	-5874.049767
-126.667642	151.702807	5.411000	-5874.030697
-126.425410	151.764956	5.411000	-5874.010988
-126.183179	151.827107	5.411000	-5873.990788
-125.941000	151.889350	5.411000	-5873.970236
-125.698770	151.951503	5.412000	-5873.949425
-125.456541	152.013658	5.412000	-5873.928465
-125.214312	152.075815	5.412000	-5873.907439
-124.972083	152.137973	5.412000	-5873.886414
-124.729856	152.200132	5.412000	-5873.865439
-124.487629	152.262293	5.412000	-5873.844549
-124.245402	152.324455	5.413000	-5873.823763
-124.003176	152.386619	5.413000	-5873.803083
-123.761048	152.448730	5.413000	-5873.782505
-123.518823	152.510897	5.414000	-5873.761989
-123.276599	152.573065	5.414000	-5873.741502
-123.034375	152.635235	5.414000	-5873.720959
-122.792152	152.697406	5.415000	-5873.700231
-122.549929	152.759579	5.415000	-5873.679253
-122.307707	152.821753	5.416000	-5873.657966
-122.065485	152.883929	5.416000	-5873.636317
-121.823265	152.946106	5.416000	-5873.614259
-121.581044	153.008285	5.417000	-5873.591748
-121.338824	153.070465	5.417000	-5873.568751
-121.096554	153.132555	5.418000	-5873.545228
-120.854432	153.194684	5.419000	-5873.521189
-120.612214	153.256869	5.419000	-5873.496596
-120.369997	153.319055	5.420000	-5873.471451
-120.127780	153.381242	5.420000	-5873.445755
-119.885512	153.443341	5.421000	-5873.419513
-119.643296	153.505531	5.422000	-5873.392778
-119.401081	153.567723	5.423000	-5873.365573
-119.158815	153.629826	5.423000	-5873.337899
-118.916601	153.692021	5.424000	-5873.309808
-118.674387	153.754217	5.425000	-5873.281313
-118.432220	153.816270	5.426000	-5873.252438
-118.190007	153.878469	5.427000	-5873.223217
-117.947795	153.940670	5.427000	-5873.193669
-117.705533	154.002782	5.428000	-5873.163797
-117.463322	154.064986	5.429000	-5873.133640
-117.221060	154.127100	5.430000	-5873.103176
-116.978851	154.189307	5.431000	-5873.072429
-116.736590	154.251425	5.432000	-5873.041359
-116.494479	154.313580	5.433000	-5873.009983
-116.252220	154.375701	5.434000	-5872.978219
-116.010012	154.437913	5.436000	-5872.946062
-115.767754	154.500037	5.437000	-5872.913429
-115.525548	154.562253	5.438000	-5872.880444
-115.283291	154.624379	5.439000	-5872.847118
-115.041086	154.686598	5.440000	-5872.813420
-114.798927	154.748673	5.442000	-5872.779282
-114.556672	154.810804	5.443000	-5872.744650
-114.314468	154.873027	5.444000	-5872.709513
-114.072214	154.935161	5.446000	-5872.673815
-113.829960	154.997296	5.447000	-5872.637550
-113.587759	155.059524	5.449000	-5872.600725
-113.345506	155.121662	5.450000	-5872.563308
-113.103351	155.183748	5.452000	-5872.525338
-112.861151	155.245980	5.453000	-5872.486821
-112.618900	155.308123	5.455000	-5872.447771
-112.376650	155.370267	5.456000	-5872.408242
-112.134400	155.432413	5.458000	-5872.368282
-111.892151	155.494560	5.460000	-5872.328040
-111.650051	155.556745	5.461000	-5872.287764
-111.407803	155.618895	5.463000	-5872.247372
-111.165556	155.681047	5.465000	-5872.206851
-110.923309	155.743200	5.467000	-5872.166151
-110.681063	155.805355	5.469000	-5872.125212
-110.438817	155.867511	5.471000	-5872.083966
-110.196669	155.929615	5.472000	-5872.042351
-109.954424	155.991774	5.474000	-5872.000252
-109.712180	156.053934	5.476000	-5871.957591
-109.469937	156.116097	5.478000	-5871.914268
-109.227694	156.178260	5.480000	-5871.870176
-108.985549	156.240371	5.482000	-5871.825215
-108.743307	156.302538	5.485000	-5871.779234
-108.501066	156.364706	5.487000	-5871.732120
-108.258825	156.426876	5.489000	-5871.683794
-108.016585	156.489047	5.491000	-5871.634575
-107.774346	156.551219	5.493000	-5871.584522
-107.532204	156.613339	5.496000	-5871.533631
-107.289966	156.675515	5.498000	-5871.481846
-107.047728	156.737692	5.500000	-5871.429178
-106.805439	156.799779	5.503000	-5871.375610
-106.563300	156.861905	5.505000	-5871.321193
-106.321064	156.924087	5.507000	-5871.265883
-106.078828	156.986270	5.510000	-5871.209718
-105.836593	157.048454	5.512000	-5871.152719
-105.594308	157.110549	5.515000	-5871.094903
-105.352171	157.172682	5.517000	-5871.036357
-105.109937	157.234872	5.520000	-5870.977062
-104.867654	157.296971	5.523000	-5870.917075
-104.625421	157.359163	5.525000	-5870.856478
-104.383190	157.421357	5.528000	-5870.795454
-104.141005	157.483407	5.531000	-5870.734115
-103.898774	157.545603	5.533000	-5870.672401
-103.656544	157.607801	5.536000	-5870.610282
-103.414264	157.669910	5.539000	-5870.547698
-103.172132	157.732056	5.542000	-5870.484647
-102.929853	157.794168	5.545000	-5870.420996
-102.687625	157.856372	5.547000	-5870.356730
-102.445347	157.918487	5.550000	-5870.291756
-102.203217	157.980639	5.553000	-5870.226048
-101.960940	158.042757	5.556000	-5870.159449
-101.718715	158.104967	5.559000	-5870.091922
-101.476439	158.167087	5.562000	-5870.023354
-101.234312	158.229246	5.565000	-5869.953697
-100.992037	158.291369	5.569000	-5869.882774
-100.749814	158.353585	5.572000	-5869.810716
-100.507540	158.415712	5.575000	-5869.737942
-100.265364	158.477786	5.578000	-5869.664471
-100.023143	158.540006	5.581000	-5869.590202
-99.780871	158.602137	5.585000	-5869.515100
-99.538599	158.664270	5.588000	-5869.439127
-99.296476	158.726440	5.591000	-5869.362276
-99.054206	158.788576	5.594000	-5869.284417
-98.811936	158.850713	5.598000	-5869.205544
-98.569764	158.912797	5.601000	-5869.125643
-98.327547	158.975028	5.605000	-5869.044602
-98.085279	159.037170	5.608000	-5868.962393
-97.843011	159.099313	5.612000	-5868.878972
-97.600841	159.161403	5.615000	-5868.794326
-97.358575	159.223549	5.619000	-5868.708328
-97.116360	159.285788	5.622000	-5868.620989
-96.874095	159.347937	5.626000	-5868.532493
-96.631927	159.410033	5.629000	-5868.442931
-96.389663	159.472185	5.633000	-5868.352212
-96.147400	159.534338	5.637000	-5868.260367
-95.905234	159.596439	5.641000	-5868.167436
-95.662972	159.658596	5.644000	-5868.073334
-95.420710	159.720754	5.648000	-5867.978107
-95.178545	159.782859	5.652000	-5867.881803
-94.936285	159.845020	5.656000	-5867.784340
-94.694025	159.907183	5.660000	-5867.685769
-94.451765	159.969347	5.663000	-5867.586094
-94.209603	160.031458	5.667000	-5867.485352
-93.967345	160.093625	5.671000	-5867.383444
-93.725087	160.155794	5.675000	-5867.280410
-93.482927	160.217909	5.679000	-5867.176293
-93.240670	160.280081	5.683000	-5867.071039
-92.998363	160.342163	5.687000	-5866.964743
-92.756204	160.404283	5.691000	-5866.857453
-92.513949	160.466459	5.696000	-5866.749065
-92.271695	160.528637	5.700000	-5866.639611
-92.029538	160.590761	5.704000	-5866.529125
-91.787233	160.652851	5.708000	-5866.417476
-91.544980	160.715033	5.712000	-5866.304678
-91.302825	160.777162	5.717000	-5866.190743
-91.060574	160.839348	5.721000	-5866.075518
-90.818271	160.901444	5.725000	-5865.959004
-90.576118	160.963577	5.729000	-5865.841187
-90.333868	161.025767	5.734000	-5865.721894
-90.091568	161.087867	5.738000	-5865.601108
-89.849416	161.150005	5.743000	-5865.478800
-89.607168	161.212199	5.747000	-5865.354743
-89.364869	161.274304	5.752000	-5865.228867
-89.122719	161.336447	5.756000	-5865.101240
-88.880421	161.398555	5.761000	-5864.971778
-88.638175	161.460755	5.765000	-5864.840558
-88.395976	161.522811	5.770000	-5864.707681
-88.153731	161.585014	5.774000	-5864.573042
-87.911532	161.647074	5.779000	-5864.436809
-87.669289	161.709280	5.784000	-5864.298874
-87.426995	161.771397	5.788000	-5864.159345
-87.184849	161.833551	5.793000	-5864.018314
-86.942556	161.895671	5.798000	-5863.875697
-86.700314	161.957884	5.802000	-5863.731590
-86.458119	162.019952	5.807000	-5863.586116
-86.215828	162.082076	5.812000	-5863.439182
-85.973588	162.144293	5.817000	-5863.290915
-85.731395	162.206366	5.822000	-5863.141506
-85.489105	162.268495	5.827000	-5862.990649
-85.246964	162.330662	5.832000	-5862.838284
-85.004676	162.392794	5.837000	-5862.684116
-84.762388	162.454927	5.841000	-5862.528080
-84.520249	162.517098	5.846000	-5862.370150
-84.277962	162.579235	5.852000	-5862.210116
-84.035772	162.641318	5.857000	-5862.048084
-83.793487	162.703458	5.862000	-5861.883892
-83.551202	162.765599	5.867000	-5861.717627
-83.309065	162.827777	5.872000	-5861.549403
-83.066781	162.889921	5.877000	-5861.379125
-82.824595	162.952012	5.882000	-5861.207023
-82.582312	163.014159	5.887000	-5861.033028
-82.340030	163.076308	5.893000	-5860.857322
-82.097845	163.138403	5.898000	-5860.680294
-81.855564	163.200555	5.903000	-5860.502041
-81.613380	163.262654	5.908000	-5860.322735
-81.371100	163.324808	5.914000	-5860.142180
-81.128821	163.386964	5.919000	-5859.960378
-80.886639	163.449067	5.924000	-5859.777376
-80.644360	163.511226	5.930000	-5859.592959
-80.402179	163.573332	5.935000	-5859.407251
-80.159902	163.635495	5.941000	-5859.220033
-79.917723	163.697604	5.946000	-5859.031433
-79.675447	163.759769	5.952000	-5858.841229
-79.433171	163.821935	5.957000	-5858.649471
-79.190993	163.884049	5.963000	-5858.456213
-78.948719	163.946219	5.968000	-5858.261245
-78.706491	164.008245	5.974000	-5858.064737
-78.464218	164.070417	5.979000	-5857.866125
-78.222042	164.132537	5.985000	-5857.664524
-77.979770	164.194713	5.991000	-5857.460169
-77.737596	164.256835	5.996000	-5857.253786
-77.495274	164.318923	6.002000	-5857.045702
-77.253003	164.381104	6.008000	-5856.836481
-77.010830	164.443231	6.014000	-5856.626685
-76.768510	164.505323	6.019000	-5856.416553
-76.526338	164.567453	6.025000	-5856.206657
-76.284070	164.629640	6.031000	-5855.997173
-76.041849	164.691682	6.037000	-5855.788643
-75.799582	164.753872	6.043000	-5855.581147
-75.557412	164.816008	6.049000	-5855.375160
-75.315096	164.878109	6.055000	-5855.170735
-75.072927	164.940249	6.061000	-5854.968247
-74.830612	165.002353	6.067000	-5854.767577
-74.588444	165.064496	6.073000	-5854.566776
-74.346130	165.126603	6.079000	-5854.365025
-74.103867	165.188803	6.085000	-5854.162606
-73.861650	165.250859	6.091000	-5853.959863
-73.619389	165.313062	6.097000	-5853.756809
-73.377173	165.375121	6.103000	-5853.553905
-73.134913	165.437327	6.109000	-5853.351187
-72.892698	165.499389	6.115000	-5853.149137
-72.650439	165.561598	6.121000	-5852.947816
-72.408226	165.623664	6.127000	-5852.747726
-72.165916	165.685785	6.134000	-5852.548961
-71.923755	165.747944	6.140000	-5852.352008
-71.681447	165.810068	6.146000	-5852.157016
-71.439236	165.872139	6.152000	-5851.964482
-71.196980	165.934357	6.159000	-5851.774545
-70.954771	165.996432	6.165000	-5851.586784
-70.712465	166.058562	6.171000	-5851.399914
-70.470256	166.120639	6.178000	-5851.214157
-70.228002	166.182863	6.184000	-5851.029377
-69.985795	166.244944	6.191000	-5850.845802
-69.743491	166.307080	6.197000	-5850.663285
-69.501285	166.369164	6.203000	-5850.482027
-69.258982	166.431303	6.210000	-5850.301884
-69.016777	166.493389	6.216000	-5850.123044
-68.774527	166.555623	6.223000	-5849.945358
-68.532323	166.617712	6.229000	-5849.769015
-68.290119	166.679803	6.236000	-5849.593897
-68.047820	166.741950	6.243000	-5849.419920
-67.805617	166.804044	6.249000	-5849.247274
-67.563319	166.866194	6.256000	-5849.075836
-67.321118	166.928291	6.262000	-5848.905574
-67.078820	166.990444	6.269000	-5848.735380
-66.836620	167.052544	6.276000	-5848.565424
-66.594324	167.114700	6.283000	-5848.395716
-66.352125	167.176803	6.289000	-5848.226587
-66.109830	167.238963	6.296000	-5848.058076
-65.867632	167.301069	6.303000	-5847.890543
-65.625287	167.363140	6.309000	-5847.724048
-65.383091	167.425249	6.316000	-5847.558989
-65.140895	167.487360	6.323000	-5847.395528
-64.898602	167.549527	6.330000	-5847.233849
-64.656408	167.611641	6.337000	-5847.074360
-64.414116	167.673810	6.344000	-5846.917199
-64.171872	167.735836	6.350000	-5846.762771
-63.929582	167.798009	6.357000	-5846.611272
-63.687389	167.860129	6.364000	-5846.463104
-63.445197	167.922250	6.371000	-5846.317931
-63.202858	167.984337	6.378000	-5846.175425
-62.960667	168.046461	6.385000	-5846.035668
-62.718380	168.108642	6.392000	-5845.898445
-62.476139	168.170679	6.399000	-5845.763769
-62.233853	168.232862	6.406000	-5845.631485
-61.991664	168.294992	6.413000	-5845.501597
-61.749425	168.357034	6.420000	-5845.373935
-61.507141	168.419222	6.427000	-5845.248405
-61.264903	168.481266	6.434000	-5845.124969
-61.022620	168.543457	6.441000	-5845.003485
-60.780434	168.605595	6.448000	-5844.883932
-60.538198	168.667644	6.455000	-5844.766145
-60.295917	168.729840	6.462000	-5844.650042
-60.053682	168.791891	6.469000	-5844.535575
-59.811350	168.854000	6.476000	-5844.422966
-59.569168	168.916145	6.483000	-5844.312878
-59.326934	168.978202	6.491000	-5844.205214
-59.084656	169.040405	6.498000	-5844.100002
-58.842424	169.102464	6.505000	-5843.997277
-58.600146	169.164671	6.512000	-5843.897046
-58.357915	169.226733	6.519000	-5843.799349
-58.115685	169.288797	6.526000	-5843.704204
-57.873409	169.351008	6.534000	-5843.611632
-57.631180	169.413075	6.541000	-5843.521657
-57.388854	169.475198	6.548000	-5843.434250
-57.146626	169.537269	6.555000	-5843.349466
-56.904449	169.599431	6.562000	-5843.267276
-56.662125	169.661559	6.570000	-5843.187542
-56.419899	169.723633	6.577000	-5843.110269
-56.177673	169.785710	6.584000	-5843.035589
-55.935402	169.847933	6.591000	-5842.964803
-55.693177	169.910012	6.599000	-5842.897840
-55.450856	169.972147	6.606000	-5842.834324
-55.208633	170.034230	6.613000	-5842.773833
-54.966410	170.096314	6.620000	-5842.716030
-54.724090	170.158454	6.628000	-5842.660593
-54.481869	170.220541	6.635000	-5842.607246
-54.239647	170.282629	6.642000	-5842.555664
-53.997330	170.344774	6.649000	-5842.505531
-53.755110	170.406865	6.657000	-5842.456584
-53.512890	170.468958	6.664000	-5842.408523
-53.270574	170.531107	6.671000	-5842.361068
-53.028356	170.593203	6.679000	-5842.313992
-52.786138	170.655301	6.686000	-5842.267046
-52.543824	170.717455	6.693000	-5842.220036
-52.301607	170.779555	6.701000	-5842.174259
-52.059391	170.841658	6.708000	-5842.130308
-51.817079	170.903816	6.715000	-5842.087995
-51.574864	170.965921	6.723000	-5842.047168
-51.332649	171.028028	6.730000	-5842.007634
-51.090288	171.090100	6.737000	-5841.969175
-50.848074	171.152210	6.745000	-5841.931683
-50.605862	171.214321	6.752000	-5841.894938
-50.363553	171.276489	6.759000	-5841.858744
-50.121341	171.338603	6.767000	-5841.822933
-49.879079	171.400628	6.774000	-5841.787282
-49.636772	171.462800	6.781000	-5841.751650
-49.394562	171.524919	6.789000	-5841.715838
-49.152302	171.586949	6.796000	-5841.679622
-48.910093	171.649071	6.803000	-5841.642869
-48.667788	171.711249	6.811000	-5841.605696
-48.425530	171.773284	6.818000	-5841.568689
-48.183323	171.835411	6.825000	-5841.531934
-47.941020	171.897593	6.833000	-5841.495411
-47.698763	171.959632	6.840000	-5841.459117
-47.456558	172.021764	6.847000	-5841.423085
-47.214205	172.083860	6.855000	-5841.387234
-46.972001	172.145995	6.862000	-5841.351601
-46.729747	172.208040	6.869000	-5841.316081
-46.487544	172.270177	6.876000	-5841.280671
-46.245193	172.332280	6.884000	-5841.245246
-46.002992	172.394420	6.891000	-5841.209800
-45.760739	172.456471	6.898000	-5841.174193
-45.518442	172.518669	6.906000	-5841.138372
-45.276191	172.580724	6.913000	-5841.102213
-45.033940	172.642780	6.920000	-5841.065597
-44.791742	172.704928	6.928000	-5841.028288
-44.549395	172.767041	6.935000	-5840.990226
-44.307147	172.829102	6.942000	-5840.951524
-44.064949	172.891254	6.949000	-5840.912279
-43.822702	172.953318	6.957000	-5840.872544
-43.580358	173.015438	6.964000	-5840.832445
-43.338163	173.077595	6.971000	-5840.792160
-43.095917	173.139663	6.978000	-5840.751763
-42.853671	173.201733	6.986000	-5840.711426
-42.611330	173.263858	6.993000	-5840.671288
-42.369086	173.325931	7.000000	-5840.631522
-42.126893	173.388096	7.007000	-5840.592287
-41.884650	173.450172	7.014000	-5840.553674
-41.642311	173.512304	7.022000	-5840.515831
-41.400069	173.574382	7.029000	-5840.478903
-41.157828	173.636463	7.036000	-5840.442777
-40.915587	173.698545	7.043000	-5840.407298
-40.673250	173.760683	7.050000	-5840.372392
-40.431010	173.822768	7.057000	-5840.338006
-40.188772	173.884854	7.065000	-5840.304060
-39.946533	173.946942	7.072000	-5840.270474
-39.704295	174.009032	7.079000	-5840.237169
-39.461961	174.071178	7.086000	-5840.204054
-39.219725	174.133270	7.093000	-5840.171059
-38.977488	174.195364	7.100000	-5840.138090
-38.735253	174.257460	7.107000	-5840.105059
-38.492921	174.319612	7.114000	-5840.071867
-38.250687	174.381711	7.121000	-5840.038441
-38.008453	174.443811	7.128000	-5840.004683
-37.766220	174.505913	7.135000	-5839.970503
-37.523936	174.567926	7.142000	-5839.935821
-37.281607	174.630085	7.149000	-5839.900707
-37.039376	174.692192	7.156000	-5839.865146
-36.797145	174.754300	7.163000	-5839.829130
-36.554864	174.816319	7.170000	-5839.792646
-36.312634	174.878430	7.177000	-5839.755764
-36.070308	174.940597	7.184000	-5839.718486
-35.828079	175.002711	7.191000	-5839.680880
-35.585800	175.064736	7.198000	-5839.642970
-35.343573	175.126853	7.205000	-5839.604878
-35.101346	175.188972	7.212000	-5839.566665
-34.859069	175.251002	7.219000	-5839.528401
-34.616746	175.313178	7.225000	-5839.490235
-34.374470	175.375211	7.232000	-5839.452256
-34.132245	175.437336	7.239000	-5839.414634
-33.890022	175.499462	7.246000	-5839.377464
-33.647747	175.561500	7.253000	-5839.340639
-33.405524	175.623629	7.259000	-5839.304173
-33.163154	175.685724	7.266000	-5839.267990
-32.920933	175.747857	7.273000	-5839.232142
-32.678660	175.809901	7.279000	-5839.196543
-32.436440	175.872036	7.286000	-5839.161213
-32.194169	175.934083	7.293000	-5839.126063
-31.951899	175.996131	7.299000	-5839.091077
-31.709583	176.058326	7.306000	-5839.056227
-31.467314	176.120377	7.313000	-5839.021423
-31.225096	176.182520	7.319000	-5838.986655
-30.982828	176.244575	7.326000	-5838.951808
-30.740561	176.306631	7.332000	-5838.916847
-30.498294	176.368688	7.339000	-5838.881704
-30.256079	176.430837	7.345000	-5838.846337
-30.013716	176.492953	7.352000	-5838.810798
-29.771451	176.555015	7.358000	-5838.775255
-29.529237	176.617169	7.365000	-5838.739728
-29.286973	176.679234	7.371000	-5838.704164
-29.044710	176.741300	7.378000	-5838.668593
-28.802447	176.803369	7.384000	-5838.633015
-28.560185	176.865438	7.390000	-5838.597431
-28.317923	176.927510	7.397000	-5838.561844
-28.075616	176.989727	7.403000	-5838.526273
-27.833356	177.051802	7.409000	-5838.490682
-27.591096	177.113878	7.415000	-5838.455091
-27.348836	177.175955	7.422000	-5838.419501
-27.106578	177.238034	7.428000	-5838.383912
-26.864319	177.300115	7.434000	-5838.348325
-26.622062	177.362197	7.440000	-5838.312741
-26.379805	177.424280	7.446000	-5838.277159
-26.137548	177.486365	7.452000	-5838.241580
-25.895195	177.548507	7.459000	-5838.205992
-25.652940	177.610595	7.465000	-5838.170412
-25.410685	177.672685	7.471000	-5838.134829
-25.168431	177.734776	7.477000	-5838.099243
-24.926127	177.796778	7.483000	-5838.063625
-24.683874	177.858873	7.489000	-5838.028028
-24.441621	177.920969	7.495000	-5837.992423
-24.199369	177.983066	7.500000	-5837.956812
-23.957118	178.045165	7.506000	-5837.921192
-23.714868	178.107265	7.512000	-5837.885564
-23.472566	178.169277	7.518000	-5837.849901
-23.230317	178.231381	7.524000	-5837.814256
-22.987971	178.293541	7.530000	-5837.778594
-22.745723	178.355647	7.535000	-5837.742933
-22.503424	178.417665	7.541000	-5837.707239
-22.261177	178.479775	7.547000	-5837.671567
-22.018930	178.541886	7.552000	-5837.635889
-21.776633	178.603909	7.558000	-5837.600182
-21.534388	178.666023	7.564000	-5837.564497
-21.292143	178.728139	7.569000	-5837.528810
-21.049848	178.790166	7.575000	-5837.493093
-20.807604	178.852285	7.580000	-5837.457401
-20.565310	178.914315	7.586000	-5837.421679
-20.323067	178.976437	7.591000	-5837.385982
-20.080774	179.038471	7.597000	-5837.350255
-19.838533	179.100596	7.602000	-5837.314551
-19.596241	179.162632	7.608000	-5837.278817
-19.354001	179.224761	7.613000	-5837.243105
-19.111710	179.286800	7.618000	-5837.207361
-18.869471	179.348931	7.624000	-5837.171639
-18.627182	179.410974	7.629000	-5837.135886
-18.384944	179.473108	7.634000	-5837.100154
-18.142655	179.535154	7.639000	-5837.064390
-17.900271	179.597256	7.645000	-5837.028612
-17.658034	179.659395	7.650000	-5836.992864
-17.415748	179.721445	7.655000	-5836.957083
-17.173462	179.783497	7.660000	-5836.921297
-16.931227	179.845641	7.665000	-5836.885531
-16.688943	179.907696	7.670000	-5836.849733
-16.446658	179.969752	7.675000	-5836.813929
-16.204375	180.031810	7.680000	-5836.778119
-15.962092	180.093870	7.685000	-5836.742304
-15.719860	180.156021	7.690000	-5836.706510
-15.477578	180.218084	7.695000	-5836.670684
-15.235297	180.280148	7.700000	-5836.634853
-14.993016	180.342214	7.705000	-5836.599016
-14.750736	180.404281	7.710000	-5836.563174
-14.508456	180.466350	7.714000	-5836.527326
-14.266177	180.528420	7.719000	-5836.491474
-14.023950	180.590582	7.724000	-5836.455644
-13.781672	180.652656	7.729000	-5836.419785
-13.539395	180.714731	7.733000	-5836.383922
-13.297118	180.776807	7.738000	-5836.348056
-13.054842	180.838885	7.743000	-5836.312188
-12.812663	180.900910	7.747000	-5836.276326
-12.570388	180.962992	7.752000	-5836.240454
-12.328063	181.024984	7.756000	-5836.204552
-12.085789	181.087068	7.761000	-5836.168675
-11.843516	181.149154	7.765000	-5836.132795
-11.601243	181.211241	7.770000	-5836.096913
-11.358971	181.273330	7.774000	-5836.061029
-11.116700	181.335421	7.779000	-5836.025141
-10.874429	181.397513	7.783000	-5835.989251
-10.632159	181.459606	7.787000	-5835.953356
-10.389838	181.521611	7.792000	-5835.917431
-10.147569	181.583708	7.796000	-5835.881529
-9.905300	181.645806	7.800000	-5835.845621
-9.663032	181.707906	7.805000	-5835.809708
-9.420714	181.769917	7.809000	-5835.773764
-9.178447	181.832020	7.813000	-5835.737840
-8.936181	181.894124	7.817000	-5835.701911
-8.693864	181.956140	7.821000	-5835.665950
-8.451599	182.018247	7.825000	-5835.630009
-8.209335	182.080357	7.829000	-5835.594062
-7.967020	182.142377	7.833000	-5835.558082
-7.724853	182.204434	7.837000	-5835.522140
-7.482540	182.266458	7.841000	-5835.486174
-7.240277	182.328573	7.845000	-5835.450241
-6.997965	182.390600	7.849000	-5835.414281
-6.755704	182.452718	7.853000	-5835.378342
-6.513393	182.514748	7.857000	-5835.342367
-6.271133	182.576869	7.861000	-5835.306403
-6.028823	182.638902	7.865000	-5835.270394
-5.786564	182.701026	7.868000	-5835.234390
-5.544255	182.763062	7.872000	-5835.198337
-5.301997	182.825190	7.876000	-5835.162290
-5.059690	182.887229	7.879000	-5835.126197
-4.817479	182.949215	7.883000	-5835.090102
-4.575223	183.011347	7.887000	-5835.054021
-4.332917	183.073391	7.890000	-5835.017923
-4.090612	183.135436	7.894000	-5834.981853
-3.848358	183.197573	7.897000	-5834.945848
-3.606053	183.259621	7.901000	-5834.909841
-3.363750	183.321671	7.904000	-5834.873885
-3.121497	183.383812	7.908000	-5834.838034
-2.879195	183.445865	7.911000	-5834.802262
-2.636990	183.507865	7.914000	-5834.766627
-2.394688	183.569921	7.918000	-5834.731136
-2.152387	183.631979	7.921000	-5834.695815
-1.910087	183.694038	7.924000	-5834.660679
-1.667838	183.756189	7.927000	-5834.625765
-1.425539	183.818251	7.931000	-5834.591025
-1.183241	183.880315	7.934000	-5834.556487
-0.940943	183.942380	7.937000	-5834.522143
-0.698742	184.004392	7.940000	-5834.487992
-0.456445	184.066461	7.943000	-5834.454003
-0.214149	184.128531	7.946000	-5834.420274
0.028146	184.190602	7.949000	-5834.386859
0.270441	184.252676	7.952000	-5834.353760
0.512736	184.314750	7.955000	-5834.320975
0.755030	184.376827	7.958000	-5834.288493
0.997226	184.438850	7.961000	-5834.256307
1.239519	184.500929	7.964000	-5834.224376
1.481811	184.563010	7.967000	-5834.192676
1.724153	184.625002	7.969000	-5834.161145
1.966444	184.687086	7.972000	-5834.129782
2.208735	184.749172	7.975000	-5834.098511
2.450928	184.811204	7.978000	-5834.067279
2.693217	184.873293	7.980000	-5834.036001
2.935556	184.935293	7.983000	-5834.004590
3.177844	184.997385	7.985000	-5833.973008
3.420132	185.059478	7.988000	-5833.940963
3.662419	185.121573	7.991000	-5833.908169
3.904659	185.183524	7.993000	-5833.874702
4.146945	185.245622	7.996000	-5833.840692
4.389230	185.307722	7.998000	-5833.806247
4.631565	185.369733	8.000000	-5833.771478
4.873849	185.431836	8.003000	-5833.736571
5.116035	185.493885	8.005000	-5833.701672
5.358369	185.555901	8.007000	-5833.666905
5.600651	185.618008	8.010000	-5833.632499
5.842984	185.680027	8.012000	-5833.598597
6.085265	185.742137	8.014000	-5833.565433
6.327499	185.804104	8.016000	-5833.533172
6.569779	185.866218	8.018000	-5833.502043
6.812109	185.928243	8.021000	-5833.472219
7.054388	185.990360	8.023000	-5833.443939
7.296717	186.052388	8.025000	-5833.417174
7.538898	186.114453	8.027000	-5833.391821
7.781225	186.176484	8.029000	-5833.367662
8.023553	186.238517	8.031000	-5833.344550
8.265828	186.300641	8.032000	-5833.322321
8.508154	186.362677	8.034000	-5833.300742
8.750332	186.424750	8.036000	-5833.279662
8.992657	186.486789	8.038000	-5833.258837
9.234981	186.548830	8.040000	-5833.238129
9.477305	186.610872	8.042000	-5833.217337
9.719480	186.672951	8.043000	-5833.196278
9.961803	186.734996	8.045000	-5833.174696
10.204125	186.797043	8.047000	-5833.152408
10.446446	186.859091	8.048000	-5833.129213
10.688619	186.921177	8.050000	-5833.104943
10.930940	186.983228	8.051000	-5833.079795
11.173259	187.045281	8.053000	-5833.054028
11.415578	187.107336	8.054000	-5833.027695
11.657800	187.169337	8.056000	-5833.000859
11.900118	187.231395	8.057000	-5832.973570
12.142435	187.293454	8.058000	-5832.945899
12.384752	187.355515	8.060000	-5832.917915
12.626971	187.417523	8.061000	-5832.889698
12.869286	187.479587	8.062000	-5832.861308
13.111601	187.541653	8.064000	-5832.832829
13.353916	187.603720	8.065000	-5832.804341
13.596133	187.665734	8.066000	-5832.775931
13.838446	187.727804	8.067000	-5832.747664
14.080758	187.789876	8.068000	-5832.719632
14.322974	187.851894	8.069000	-5832.691920
14.565285	187.913969	8.070000	-5832.664442
14.807596	187.976046	8.071000	-5832.636918
15.049906	188.038124	8.072000	-5832.609336
15.292170	188.100058	8.073000	-5832.581683
15.534479	188.162140	8.074000	-5832.553996
15.776787	188.224222	8.075000	-5832.526276
16.018998	188.286252	8.076000	-5832.498556
16.261306	188.348338	8.076000	-5832.470852
16.503663	188.410335	8.077000	-5832.443190
16.745969	188.472424	8.078000	-5832.415660
16.988178	188.534460	8.079000	-5832.388303
17.230534	188.596462	8.079000	-5832.361149
17.472838	188.658556	8.080000	-5832.334315
17.715045	188.720596	8.080000	-5832.307864
17.957399	188.782603	8.081000	-5832.281847
18.199702	188.844701	8.081000	-5832.256419
18.441958	188.906656	8.082000	-5832.231763
18.684259	188.968758	8.082000	-5832.207922
18.926560	189.030861	8.083000	-5832.184837
19.168815	189.092821	8.083000	-5832.162422
19.411114	189.154927	8.083000	-5832.140616
19.653464	189.216945	8.084000	-5832.119274
19.895666	189.278999	8.084000	-5832.098310
20.138015	189.341020	8.084000	-5832.077536
20.380363	189.403042	8.084000	-5832.056818
20.622563	189.465102	8.084000	-5832.036016
20.864910	189.527127	8.085000	-5832.014915
21.107205	189.589244	8.085000	-5831.993385
21.349454	189.651218	8.085000	-5831.971226
21.591800	189.713248	8.085000	-5831.948288
21.834094	189.775370	8.085000	-5831.924450
22.076341	189.837349	8.085000	-5831.899626
22.318684	189.899384	8.084000	-5831.873929
22.561027	189.961420	8.084000	-5831.847519
22.803222	190.023494	8.084000	-5831.820585
23.045564	190.085533	8.084000	-5831.793245
23.287808	190.147520	8.084000	-5831.765704
23.530149	190.209563	8.083000	-5831.738116
23.772489	190.271607	8.083000	-5831.710654
24.014680	190.333688	8.083000	-5831.683498
24.257019	190.395736	8.082000	-5831.656738
24.499357	190.457785	8.082000	-5831.630530
24.741598	190.519780	8.081000	-5831.604989
24.983935	190.581833	8.081000	-5831.580193
25.226175	190.643832	8.080000	-5831.556225
25.468510	190.705887	8.080000	-5831.533118
25.710846	190.767944	8.079000	-5831.510871
25.953084	190.829948	8.079000	-5831.489363
26.195418	190.892008	8.078000	-5831.468477
26.437654	190.954014	8.077000	-5831.448118
26.679987	191.016078	8.077000	-5831.428167
26.922320	191.078142	8.076000	-5831.408521
27.164554	191.140154	8.075000	-5831.389073
27.406886	191.202222	8.074000	-5831.369710
27.649119	191.264236	8.073000	-5831.350332
27.891500	191.326217	8.072000	-5831.330812
28.133830	191.388290	8.072000	-5831.311085
28.376062	191.450309	8.071000	-5831.291041
28.618390	191.512385	8.070000	-5831.270578
28.860620	191.574408	8.069000	-5831.249615
29.102998	191.636396	8.067000	-5831.228038
29.345228	191.698422	8.066000	-5831.205819
29.587554	191.760504	8.065000	-5831.182981
29.829879	191.822588	8.064000	-5831.159558
30.072158	191.884528	8.063000	-5831.135550
30.314482	191.946615	8.062000	-5831.111001
30.556709	192.008648	8.060000	-5831.085930
30.799082	192.070648	8.059000	-5831.060338
31.041308	192.132685	8.058000	-5831.034313
31.283680	192.194688	8.056000	-5831.007848
31.525905	192.256728	8.055000	-5830.981044
31.768276	192.318734	8.053000	-5830.953903
32.010596	192.380832	8.052000	-5830.926533
32.252869	192.442786	8.050000	-5830.898965
32.495188	192.504887	8.049000	-5830.871295
32.737460	192.566845	8.047000	-5830.843571
32.979778	192.628949	8.046000	-5830.815897
33.222049	192.690909	8.044000	-5830.788001
33.464365	192.753017	8.042000	-5830.759693
33.706635	192.814981	8.041000	-5830.731021
33.949001	192.877001	8.039000	-5830.702074
34.191219	192.939058	8.037000	-5830.672972
34.433584	193.001082	8.035000	-5830.643742
34.675801	193.063142	8.034000	-5830.614531
34.918164	193.125168	8.032000	-5830.585368
35.160431	193.187142	8.030000	-5830.556359
35.402793	193.249172	8.028000	-5830.527550
35.645008	193.311238	8.026000	-5830.499030
35.887369	193.373271	8.024000	-5830.470785
36.129730	193.435306	8.022000	-5830.442874
36.371993	193.497287	8.020000	-5830.415323
36.614353	193.559325	8.018000	-5830.388128
36.856615	193.621309	8.015000	-5830.361337
37.098922	193.683440	8.013000	-5830.335011
37.341183	193.745427	8.011000	-5830.308939
37.583444	193.807417	8.009000	-5830.282960
37.825800	193.869462	8.007000	-5830.256904
38.068060	193.931454	8.004000	-5830.230633
38.310415	193.993503	8.002000	-5830.204006
38.552673	194.055499	8.000000	-5830.176925
38.795027	194.117550	7.997000	-5830.149291
39.037284	194.179549	7.995000	-5830.121051
39.279637	194.241604	7.992000	-5830.092153
39.521893	194.303606	7.990000	-5830.062595
39.764245	194.365664	7.987000	-5830.032376
40.006499	194.427669	7.985000	-5830.001546
40.248850	194.489730	7.982000	-5829.970157
40.491154	194.551648	7.980000	-5829.938296
40.733504	194.613713	7.977000	-5829.906267
40.975756	194.675724	7.974000	-5829.874150
41.218104	194.737792	7.972000	-5829.841961
41.460355	194.799806	7.969000	-5829.809736
41.702656	194.861732	7.966000	-5829.777457
41.945003	194.923805	7.963000	-5829.745186
42.187252	194.985824	7.960000	-5829.712915
42.429597	195.047899	7.957000	-5829.680631
42.671896	195.109832	7.955000	-5829.648314
42.914241	195.171910	7.952000	-5829.615996
43.156487	195.233936	7.949000	-5829.583645
43.398881	195.295928	7.946000	-5829.551198
43.641127	195.357956	7.943000	-5829.518696
43.883423	195.419897	7.940000	-5829.486042
44.125764	195.481983	7.936000	-5829.453246
44.368008	195.544017	7.933000	-5829.420435
44.610399	195.606016	7.930000	-5829.387804
44.852641	195.668053	7.927000	-5829.355450
45.095031	195.730056	7.924000	-5829.323311
45.337272	195.792096	7.920000	-5829.291445
45.579564	195.854047	7.917000	-5829.259761
45.821952	195.916055	7.914000	-5829.228236
46.064192	195.978099	7.911000	-5829.196849
46.306579	196.040110	7.907000	-5829.165459
46.548817	196.102157	7.904000	-5829.134047
46.791106	196.164117	7.900000	-5829.102459
47.033491	196.226132	7.897000	-5829.070611
47.275728	196.288185	7.893000	-5829.038433
47.518111	196.350203	7.890000	-5829.005759
47.760398	196.412169	7.886000	-5828.972535
48.002633	196.474226	7.883000	-5828.938626
48.245015	196.536250	7.879000	-5828.903737
48.487299	196.598220	7.875000	-5828.867979
48.729583	196.660192	7.872000	-5828.831450
48.971963	196.722220	7.868000	-5828.794256
49.214195	196.784285	7.864000	-5828.756565
49.456575	196.846317	7.860000	-5828.718437
49.698856	196.908295	7.857000	-5828.680054
49.941137	196.970275	7.853000	-5828.641550
50.183514	197.032311	7.849000	-5828.603063
50.425794	197.094294	7.845000	-5828.564766
50.668074	197.156279	7.841000	-5828.526805
50.910449	197.218319	7.837000	-5828.489331
51.152727	197.280307	7.833000	-5828.452525
51.395005	197.342297	7.829000	-5828.416539
51.637378	197.404342	7.825000	-5828.381520
51.879655	197.466335	7.821000	-5828.347330
52.121930	197.528329	7.817000	-5828.313810
52.364302	197.590379	7.813000	-5828.280892
52.606577	197.652377	7.808000	-5828.248522
52.848947	197.714430	7.804000	-5828.216616
53.091221	197.776431	7.800000	-5828.185116
53.333493	197.838433	7.796000	-5828.153936
53.575913	197.900401	7.792000	-5828.122965
53.818185	197.962406	7.787000	-5828.092187
54.060456	198.024413	7.783000	-5828.061485
54.302726	198.086422	7.778000	-5828.030774
54.545143	198.148396	7.774000	-5827.999932
54.787413	198.210408	7.770000	-5827.968941
55.029681	198.272421	7.765000	-5827.937681
55.272046	198.334491	7.761000	-5827.906058
55.514364	198.396417	7.756000	-5827.874255
55.756631	198.458435	7.752000	-5827.842692
55.998994	198.520509	7.747000	-5827.811275
56.241310	198.582440	7.742000	-5827.779921
56.483575	198.644463	7.738000	-5827.748615
56.725987	198.706452	7.733000	-5827.717228
56.968251	198.768478	7.728000	-5827.685765
57.210565	198.830416	7.724000	-5827.654098
57.452828	198.892445	7.719000	-5827.622220
57.695237	198.954440	7.714000	-5827.590007
57.937499	199.016472	7.709000	-5827.557466
58.179810	199.078416	7.704000	-5827.524474
58.422168	199.140506	7.699000	-5827.491020
58.664478	199.202453	7.695000	-5827.457005
58.906737	199.264492	7.690000	-5827.422420
59.149046	199.326442	7.685000	-5827.387111
59.391452	199.388449	7.680000	-5827.350886
59.633709	199.450492	7.675000	-5827.313904
59.876016	199.512447	7.670000	-5827.276262
60.118323	199.574404	7.664000	-5827.238144
60.360676	199.636507	7.659000	-5827.199711
60.602981	199.698466	7.654000	-5827.161078
60.845286	199.760428	7.649000	-5827.122412
61.087688	199.822446	7.644000	-5827.083847
61.329941	199.884500	7.639000	-5827.045559
61.572244	199.946466	7.633000	-5827.007600
61.814547	200.008434	7.628000	-5826.970098
62.056849	200.070403	7.623000	-5826.933141
62.299247	200.132429	7.617000	-5826.896789
62.541548	200.194402	7.612000	-5826.861111
62.783849	200.256376	7.607000	-5826.826124
63.026148	200.318351	7.601000	-5826.791604
63.268544	200.380384	7.596000	-5826.757323
63.510792	200.442452	7.590000	-5826.723217
63.753090	200.504433	7.585000	-5826.689126
63.995387	200.566415	7.579000	-5826.654994
64.237832	200.628364	7.574000	-5826.620718
64.480128	200.690349	7.568000	-5826.586316
64.722423	200.752336	7.562000	-5826.551715
64.964718	200.814324	7.557000	-5826.516898
65.207013	200.876314	7.551000	-5826.481864
65.449403	200.938361	7.545000	-5826.446623
65.691696	201.000354	7.540000	-5826.411228
65.933989	201.062349	7.534000	-5826.375726
66.176281	201.124345	7.528000	-5826.340195
66.418623	201.186253	7.522000	-5826.304697
66.661011	201.248308	7.517000	-5826.269431
66.903301	201.310309	7.511000	-5826.234488
67.145591	201.372312	7.505000	-5826.199827
67.387930	201.434226	7.499000	-5826.165385
67.630219	201.496232	7.493000	-5826.131191
67.872603	201.558295	7.487000	-5826.097175
68.114941	201.620214	7.481000	-5826.063289
68.357228	201.682225	7.475000	-5826.029555
68.599514	201.744237	7.469000	-5825.995910
68.841850	201.806161	7.463000	-5825.962291
69.084135	201.868177	7.457000	-5825.928724
69.326567	201.930159	7.451000	-5825.895106
69.568850	201.992178	7.445000	-5825.861474
69.811184	202.054108	7.439000	-5825.827719
70.053467	202.116130	7.433000	-5825.793857
70.295799	202.178064	7.427000	-5825.759835
70.538080	202.240089	7.421000	-5825.726085
70.780509	202.302081	7.415000	-5825.692616
71.022789	202.364109	7.408000	-5825.659475
71.265119	202.426049	7.402000	-5825.626550
71.507398	202.488081	7.396000	-5825.593842
71.749727	202.550024	7.390000	-5825.561217
71.992055	202.611969	7.384000	-5825.528622
72.234332	202.674006	7.377000	-5825.495992
72.476756	202.736008	7.371000	-5825.463167
72.719083	202.797958	7.365000	-5825.430089
72.961358	202.859999	7.359000	-5825.396680
73.203684	202.921952	7.352000	-5825.362773
73.446008	202.983907	7.346000	-5825.328312
73.688333	203.045863	7.340000	-5825.293232
73.930656	203.107821	7.333000	-5825.257489
74.172929	203.169870	7.327000	-5825.221126
74.415348	203.231885	7.321000	-5825.184185
74.657670	203.293848	7.314000	-5825.146837
74.899991	203.355812	7.308000	-5825.109197
75.142312	203.417778	7.301000	-5825.071382
75.384632	203.479745	7.295000	-5825.033496
75.626951	203.541714	7.289000	-5824.995630
75.869270	203.603684	7.282000	-5824.957858
76.111588	203.665657	7.276000	-5824.920230
76.353906	203.727630	7.269000	-5824.882772
76.596223	203.789606	7.263000	-5824.845486
76.838636	203.851637	7.256000	-5824.808333
77.080952	203.913616	7.250000	-5824.771274
77.323267	203.975596	7.244000	-5824.734210
77.565582	204.037578	7.237000	-5824.697018
77.807896	204.099561	7.231000	-5824.659597
78.050210	204.161546	7.224000	-5824.621947
78.292522	204.223532	7.218000	-5824.583972
78.534885	204.285431	7.211000	-5824.545552
78.777197	204.347421	7.205000	-5824.506663
79.019508	204.409412	7.198000	-5824.467215
79.261819	204.471405	7.192000	-5824.427157
79.504179	204.533310	7.185000	-5824.386427
79.746489	204.595306	7.179000	-5824.345061
79.988797	204.657303	7.172000	-5824.303025
80.231202	204.719358	7.166000	-5824.260319
80.473560	204.781269	7.159000	-5824.216961
80.715867	204.843271	7.153000	-5824.173037
80.958224	204.905186	7.146000	-5824.128541
81.200530	204.967191	7.140000	-5824.083596
81.442835	205.029199	7.133000	-5824.038312
81.685190	205.091118	7.126000	-5823.993323
81.927494	205.153129	7.120000	-5823.948609
82.169848	205.215051	7.113000	-5823.903835
82.412151	205.277065	7.107000	-5823.858819
82.654504	205.338990	7.100000	-5823.813286
82.896805	205.401007	7.094000	-5823.767116
83.139157	205.462936	7.087000	-5823.720093
83.381457	205.524956	7.081000	-5823.672155
83.623808	205.586888	7.074000	-5823.623138
83.866157	205.648822	7.068000	-5823.572999
84.108456	205.710847	7.061000	-5823.521715
84.350804	205.772784	7.055000	-5823.469189
84.593153	205.834722	7.048000	-5823.415436
84.835449	205.896752	7.042000	-5823.360482
85.077796	205.958694	7.035000	-5823.304274
85.320142	206.020637	7.029000	-5823.247826
85.562437	206.082672	7.022000	-5823.192060
85.804782	206.144618	7.016000	-5823.136736
86.047127	206.206566	7.009000	-5823.081677
86.289470	206.268516	7.003000	-5823.026686
86.531814	206.330468	6.997000	-5822.971557
86.774156	206.392420	6.990000	-5822.916072
87.016448	206.454465	6.984000	-5822.860030
87.258789	206.516421	6.977000	-5822.803151
87.501130	206.578379	6.971000	-5822.745224
87.743470	206.640338	6.964000	-5822.686013
87.985810	206.702299	6.958000	-5822.625281
88.228149	206.764262	6.952000	-5822.562793
88.470487	206.826226	6.945000	-5822.498314
88.712825	206.888192	6.939000	-5822.431618
88.955162	206.950159	6.932000	-5822.362598
89.197499	207.012128	6.926000	-5822.291671
89.439835	207.074099	6.920000	-5822.219114
89.682170	207.136071	6.913000	-5822.145175
89.924505	207.198045	6.907000	-5822.070093
90.166742	207.259965	6.901000	-5821.994137
90.409127	207.321853	6.895000	-5821.917460
90.651460	207.383831	6.888000	-5821.840337
90.893792	207.445812	6.882000	-5821.762965
91.136124	207.507793	6.876000	-5821.685544
91.378455	207.569777	6.870000	-5821.608263
91.620836	207.631672	6.863000	-5821.531291
91.863166	207.693659	6.857000	-5821.454805
92.105496	207.755647	6.851000	-5821.378946
92.347875	207.817548	6.845000	-5821.303845
92.590204	207.879539	6.839000	-5821.229697
92.832531	207.941532	6.832000	-5821.157749
93.074909	208.003437	6.826000	-5821.088069
93.317235	208.065434	6.820000	-5821.020167
93.559464	208.127377	6.814000	-5820.953562
93.801840	208.189287	6.808000	-5820.887666
94.044165	208.251288	6.802000	-5820.821960
94.286539	208.313201	6.796000	-5820.755883
94.528863	208.375206	6.790000	-5820.688847
94.771236	208.437122	6.784000	-5820.620264
95.013559	208.499130	6.778000	-5820.549508
95.255931	208.561049	6.772000	-5820.475963
95.498252	208.623060	6.766000	-5820.398974
95.740623	208.684983	6.760000	-5820.317899
95.982846	208.746942	6.754000	-5820.232099
96.225216	208.808868	6.749000	-5820.140829
96.467585	208.870796	6.743000	-5820.044576
96.709903	208.932815	6.737000	-5819.944679
96.952271	208.994746	6.731000	-5819.841175
97.194639	209.056678	6.725000	-5819.734050
97.437005	209.118613	6.720000	-5819.623278
97.679321	209.180638	6.714000	-5819.508813
97.921590	209.242520	6.708000	-5819.390681
98.163955	209.304459	6.702000	-5819.268700
98.406319	209.366400	6.697000	-5819.142915
98.648632	209.428432	6.691000	-5819.013601
98.890996	209.490376	6.686000	-5818.880808
99.133358	209.552321	6.680000	-5818.744507
99.375720	209.614268	6.674000	-5818.604673
99.617985	209.676162	6.669000	-5818.461353
99.860346	209.738112	6.663000	-5818.314386
100.102706	209.800064	6.658000	-5818.163051
100.345066	209.862018	6.652000	-5818.003913
100.587425	209.923973	6.647000	-5817.837346
100.829783	209.985929	6.642000	-5817.664281
101.072044	210.047833	6.636000	-5817.485740
101.314401	210.109793	6.631000	-5817.302499
101.556758	210.171754	6.626000	-5817.115593
101.799114	210.233718	6.620000	-5816.925977
102.041470	210.295682	6.615000	-5816.734615
102.283824	210.357649	6.610000	-5816.542474
102.526082	210.419562	6.605000	-5816.350615
102.768435	210.481532	6.600000	-5816.159838
103.010839	210.543413	6.595000	-5815.971214
103.253191	210.605386	6.590000	-5815.785723
103.495543	210.667361	6.584000	-5815.604355
103.737798	210.729282	6.579000	-5815.428074
103.980199	210.791170	6.574000	-5815.253637
104.222549	210.853150	6.570000	-5815.079388
104.464898	210.915131	6.565000	-5814.905464
104.707298	210.977024	6.560000	-5814.732007
104.949549	211.038953	6.555000	-5814.559249
105.191897	211.100939	6.550000	-5814.387191
105.434294	211.162837	6.545000	-5814.216079
105.676641	211.224826	6.541000	-5814.046095
105.918890	211.286762	6.536000	-5813.877500
106.161285	211.348664	6.531000	-5813.710333
106.403630	211.410658	6.527000	-5813.544880
106.646025	211.472564	6.522000	-5813.381345
106.888368	211.534561	6.518000	-5813.219955
107.130664	211.596416	6.513000	-5813.060998
107.373007	211.658416	6.509000	-5812.904570
107.615399	211.720329	6.504000	-5812.750793
107.857790	211.782243	6.500000	-5812.599418
108.100034	211.844193	6.495000	-5812.450464
108.342424	211.906110	6.491000	-5812.303726
108.584763	211.968119	6.487000	-5812.159204
108.827153	212.030039	6.483000	-5812.016797
109.069444	212.091907	6.478000	-5811.876468
109.311782	212.153920	6.474000	-5811.737975
109.554169	212.215845	6.470000	-5811.601242
109.796556	212.277772	6.466000	-5811.466131
110.038845	212.339646	6.462000	-5811.332551
110.281180	212.401666	6.458000	-5811.200228
110.523565	212.463598	6.454000	-5811.069051
110.765852	212.525477	6.450000	-5810.938916
111.008236	212.587412	6.446000	-5810.809540
111.250619	212.649349	6.442000	-5810.680803
111.493002	212.711287	6.438000	-5810.552825
111.735287	212.773172	6.435000	-5810.425758
111.977618	212.835203	6.431000	-5810.299560
112.219998	212.897147	6.427000	-5810.174346
112.462282	212.959037	6.423000	-5810.050251
112.704661	213.020983	6.420000	-5809.927240
112.947040	213.082931	6.416000	-5809.805447
113.189418	213.144881	6.412000	-5809.684949
113.431699	213.206777	6.409000	-5809.565879
113.674127	213.268641	6.405000	-5809.448202
113.916503	213.330595	6.402000	-5809.332064
114.158782	213.392497	6.398000	-5809.217582
114.401158	213.454455	6.395000	-5809.104730
114.643532	213.516414	6.391000	-5808.993630
114.885809	213.578320	6.388000	-5808.884397
115.128183	213.640283	6.384000	-5808.776846
115.370606	213.702158	6.381000	-5808.670860
115.612882	213.764069	6.378000	-5808.566415
115.855253	213.826037	6.375000	-5808.463330
116.097624	213.888006	6.371000	-5808.361578
116.339949	213.949832	6.368000	-5808.261131
116.582319	214.011805	6.365000	-5808.161869
116.824688	214.073779	6.362000	-5808.063786
117.067010	214.135610	6.359000	-5807.966881
117.309378	214.197588	6.355000	-5807.871079
117.551745	214.259567	6.352000	-5807.776407
117.794066	214.321403	6.349000	-5807.682903
118.036432	214.383385	6.346000	-5807.590536
118.278849	214.445280	6.343000	-5807.499360
118.521117	214.507210	6.340000	-5807.409491
118.763532	214.569108	6.337000	-5807.320914
119.005895	214.631097	6.334000	-5807.233804
119.248212	214.692943	6.331000	-5807.148209
119.490575	214.754934	6.329000	-5807.064102
119.732891	214.816784	6.326000	-5806.981529
119.975252	214.878779	6.323000	-5806.900440
120.217663	214.940686	6.320000	-5806.820815
120.459977	215.002540	6.317000	-5806.742662
120.702337	215.064541	6.315000	-5806.665883
120.944649	215.126398	6.312000	-5806.590451
121.187058	215.188312	6.309000	-5806.516252
121.429416	215.250317	6.306000	-5806.443256
121.671727	215.312179	6.304000	-5806.371382
121.914134	215.374098	6.301000	-5806.300506
122.156541	215.436018	6.298000	-5806.230573
122.398799	215.497975	6.296000	-5806.161591
122.641204	215.559899	6.293000	-5806.093863
122.883512	215.621769	6.291000	-5806.027537
123.125916	215.683696	6.288000	-5805.962533
123.368223	215.745570	6.286000	-5805.898881
123.610626	215.807500	6.283000	-5805.836521
123.853028	215.869432	6.281000	-5805.775469
124.095282	215.931400	6.278000	-5805.715747
124.337683	215.993335	6.276000	-5805.657259
124.579987	216.055217	6.273000	-5805.600035
124.822386	216.117155	6.271000	-5805.543992
125.064689	216.179040	6.269000	-5805.489112
125.307087	216.240982	6.266000	-5805.435273
125.549485	216.302925	6.264000	-5805.382393
125.791837	216.364725	6.262000	-5805.330344
126.034233	216.426672	6.259000	-5805.278969
126.276533	216.488565	6.257000	-5805.228485
126.518928	216.550515	6.255000	-5805.179087
126.761226	216.612411	6.252000	-5805.130701
127.003621	216.674364	6.250000	-5805.083193
127.245918	216.736264	6.248000	-5805.036510
127.488362	216.798131	6.246000	-5804.990526
127.730754	216.860089	6.243000	-5804.945241
127.973049	216.921994	6.241000	-5804.900611
128.215440	216.983955	6.239000	-5804.856586
128.457785	217.045773	6.237000	-5804.813176
128.700175	217.107738	6.235000	-5804.770412
128.942468	217.169649	6.233000	-5804.728345
129.184907	217.231527	6.231000	-5804.686991
129.427199	217.293442	6.228000	-5804.646503
129.669637	217.355323	6.226000	-5804.606920
129.911927	217.417241	6.224000	-5804.568558
130.154313	217.479215	6.222000	-5804.531847
130.396653	217.541047	6.220000	-5804.496753
130.639038	217.603024	6.218000	-5804.463202
130.881377	217.664859	6.216000	-5804.431059
131.123761	217.726840	6.214000	-5804.400216
131.366098	217.788678	6.212000	-5804.370505
131.608531	217.850572	6.210000	-5804.341768
131.850817	217.912503	6.208000	-5804.313862
132.093249	217.974401	6.206000	-5804.286544
132.335533	218.036335	6.204000	-5804.259663
132.577964	218.098236	6.202000	-5804.232954
132.820297	218.160084	6.200000	-5804.206228
133.062677	218.222078	6.198000	-5804.179258
133.305009	218.283929	6.196000	-5804.151789
133.547437	218.345837	6.194000	-5804.123612
133.789768	218.407691	6.192000	-5804.095040
134.032145	218.469692	6.191000	-5804.066289
134.274475	218.531549	6.189000	-5804.037419
134.516804	218.593409	6.187000	-5804.008522
134.759230	218.655325	6.185000	-5803.979679
135.001558	218.717187	6.183000	-5803.950996
135.243931	218.779196	6.181000	-5803.922566
135.486258	218.841062	6.179000	-5803.894460
135.728681	218.902984	6.177000	-5803.866769
135.971007	218.964853	6.176000	-5803.839594
136.213429	219.026779	6.174000	-5803.812997
136.455753	219.088652	6.172000	-5803.787062
136.698077	219.150526	6.170000	-5803.761838
136.940497	219.212456	6.168000	-5803.737378
137.182819	219.274334	6.166000	-5803.713732
137.425238	219.336268	6.165000	-5803.690897
137.667559	219.398148	6.163000	-5803.668813
137.909977	219.460085	6.161000	-5803.647363
138.152348	219.521880	6.159000	-5803.626437
138.394667	219.583765	6.157000	-5803.605957
138.637083	219.645708	6.155000	-5803.585807
138.879401	219.707596	6.154000	-5803.565905
139.121816	219.769542	6.152000	-5803.546158
139.364133	219.831434	6.150000	-5803.526504
139.606500	219.893238	6.148000	-5803.506858
139.848912	219.955189	6.146000	-5803.487193
140.091228	220.017086	6.145000	-5803.467466
140.333690	220.078950	6.143000	-5803.447624
140.576004	220.140850	6.141000	-5803.427694
140.818317	220.202752	6.139000	-5803.407657
141.060777	220.264621	6.137000	-5803.387487
141.303089	220.326526	6.136000	-5803.367156
141.545498	220.388488	6.134000	-5803.346690
141.787859	220.450307	6.132000	-5803.326146
142.030170	220.512217	6.130000	-5803.305604
142.272627	220.574095	6.128000	-5803.285078
142.514936	220.636008	6.127000	-5803.264649
142.757295	220.697834	6.125000	-5803.244318
142.999700	220.759806	6.123000	-5803.224134
143.242058	220.821635	6.121000	-5803.204099
143.484461	220.883609	6.119000	-5803.184243
143.726818	220.945442	6.118000	-5803.164553
143.969174	221.007276	6.116000	-5803.145036
144.211575	221.069256	6.114000	-5803.125692
144.453930	221.131093	6.112000	-5803.106487
144.696284	221.192932	6.110000	-5803.087406
144.938684	221.254916	6.108000	-5803.068335
145.181037	221.316759	6.107000	-5803.049133
145.423389	221.378602	6.105000	-5803.029747
145.665787	221.440592	6.103000	-5803.010148
145.908139	221.502439	6.101000	-5802.990300
146.150489	221.564288	6.099000	-5802.970218
146.392936	221.626193	6.097000	-5802.949922
146.635285	221.688045	6.095000	-5802.929470
146.877634	221.749899	6.093000	-5802.908920
147.120028	221.811898	6.092000	-5802.888366
147.362376	221.873755	6.090000	-5802.867881
147.604722	221.935614	6.088000	-5802.847583
147.847165	221.997529	6.086000	-5802.827589
148.089511	222.059391	6.084000	-5802.808033
148.331856	222.121254	6.082000	-5802.789044
148.574201	222.183120	6.080000	-5802.770742
148.816641	222.245041	6.078000	-5802.753162
149.058984	222.306910	6.076000	-5802.736298
149.301327	222.368780	6.074000	-5802.720098
149.543766	222.430707	6.072000	-5802.704517
149.786158	222.492491	6.070000	-5802.689490
150.028498	222.554366	6.068000	-5802.674980
150.270838	222.616242	6.066000	-5802.660894
150.513275	222.678176	6.064000	-5802.647138
150.755614	222.740056	6.062000	-5802.633612
150.997952	222.801937	6.060000	-5802.620200
151.240437	222.863786	6.058000	-5802.606757
151.482774	222.925671	6.056000	-5802.593179
151.725110	222.987558	6.054000	-5802.579300
151.967446	223.049446	6.052000	-5802.564961
152.209929	223.111301	6.050000	-5802.550040
152.452263	223.173193	6.047000	-5802.534871
152.694597	223.235086	6.045000	-5802.519410
152.936981	223.296892	6.043000	-5802.503546
153.179411	223.358843	6.041000	-5802.487232
153.421793	223.420652	6.039000	-5802.470386
153.664125	223.482551	6.037000	-5802.453007
153.906507	223.544364	6.034000	-5802.435054
154.148934	223.606322	6.032000	-5802.416570
154.391314	223.668137	6.030000	-5802.397569
154.633643	223.730043	6.028000	-5802.378144
154.876022	223.791862	6.025000	-5802.358348
155.118350	223.853772	6.023000	-5802.338324
155.360824	223.915649	6.021000	-5802.318166
155.603151	223.977562	6.019000	-5802.298070
155.845528	224.039387	6.016000	-5802.278172
156.087904	224.101214	6.014000	-5802.258625
156.330325	224.163187	6.012000	-5802.239504
156.572700	224.225017	6.009000	-5802.220825
156.815074	224.286849	6.007000	-5802.202621
157.057397	224.348772	6.005000	-5802.184910
157.299770	224.410607	6.002000	-5802.167635
157.542239	224.472499	6.000000	-5802.150767
157.784610	224.534337	5.998000	-5802.134249
158.026981	224.596177	5.995000	-5802.117995
158.269301	224.658108	5.993000	-5802.101918
158.511671	224.719952	5.991000	-5802.085868
158.754040	224.781797	5.988000	-5802.069724
158.996506	224.843699	5.986000	-5802.053334
159.238874	224.905547	5.983000	-5802.036540
159.481241	224.967397	5.981000	-5802.019165
159.723608	225.029249	5.978000	-5802.001022
159.965974	225.091102	5.976000	-5801.982058
160.208436	225.153012	5.973000	-5801.962372
160.450801	225.214869	5.971000	-5801.942085
160.693165	225.276727	5.969000	-5801.921308
160.935529	225.338587	5.966000	-5801.900159
161.177892	225.400449	5.964000	-5801.878757
161.420254	225.462312	5.961000	-5801.857225
161.662616	225.524177	5.959000	-5801.835688
161.905074	225.586099	5.956000	-5801.814288
162.147485	225.647878	5.953000	-5801.793150
162.389845	225.709748	5.951000	-5801.772416
162.632205	225.771619	5.948000	-5801.752189
162.874563	225.833493	5.946000	-5801.732585
163.116921	225.895368	5.943000	-5801.713717
163.359329	225.957155	5.941000	-5801.695654
163.601783	226.019088	5.938000	-5801.678150
163.844139	226.080968	5.936000	-5801.661014
164.086546	226.142760	5.933000	-5801.644125
164.328901	226.204643	5.930000	-5801.627420
164.571255	226.266528	5.928000	-5801.610799
164.813659	226.328325	5.925000	-5801.594170
165.056012	226.390213	5.923000	-5801.577500
165.298416	226.452014	5.920000	-5801.560704
165.540768	226.513905	5.917000	-5801.543771
165.783266	226.575764	5.915000	-5801.526638
166.025617	226.637659	5.912000	-5801.509327
166.268018	226.699466	5.909000	-5801.491798
166.510367	226.761364	5.907000	-5801.474098
166.752767	226.823175	5.904000	-5801.456214
166.995115	226.885076	5.902000	-5801.438223
167.237513	226.946890	5.899000	-5801.420322
167.479911	227.008705	5.896000	-5801.402720
167.722257	227.070612	5.893000	-5801.385397
167.964653	227.132431	5.891000	-5801.368281
168.207049	227.194251	5.888000	-5801.351355
168.449393	227.256162	5.885000	-5801.334603
168.691885	227.318041	5.883000	-5801.317954
168.934279	227.379866	5.880000	-5801.301396
169.176672	227.441694	5.877000	-5801.284893
169.419014	227.503612	5.875000	-5801.268430
169.661406	227.565442	5.872000	-5801.251936
169.903797	227.627274	5.869000	-5801.235392
170.146188	227.689108	5.866000	-5801.218760
170.388578	227.750943	5.864000	-5801.202001
170.630968	227.812780	5.861000	-5801.185071
170.873357	227.874619	5.858000	-5801.168040
171.115745	227.936459	5.856000	-5801.151330
171.358082	227.998390	5.853000	-5801.134982
171.600469	228.060234	5.850000	-5801.118927
171.842856	228.122079	5.847000	-5801.103135
172.085292	228.183837	5.845000	-5801.087527
172.327677	228.245686	5.842000	-5801.072065
172.570062	228.307536	5.839000	-5801.056650
172.812446	228.369388	5.836000	-5801.041194
173.054829	228.431242	5.834000	-5801.025602
173.297212	228.493097	5.831000	-5801.009777
173.539594	228.554954	5.828000	-5800.993622
173.781975	228.616813	5.825000	-5800.977041
174.024356	228.678673	5.823000	-5800.959945
174.266787	228.740446	5.820000	-5800.942231
174.509167	228.802310	5.817000	-5800.923830
174.751546	228.864175	5.814000	-5800.904508
174.993924	228.926042	5.811000	-5800.884338
175.236353	228.987821	5.809000	-5800.863493
175.478730	229.049692	5.806000	-5800.842192
175.721106	229.111563	5.803000	-5800.820601
175.963533	229.173348	5.800000	-5800.798877
176.205908	229.235223	5.798000	-5800.777211
176.448333	229.297011	5.795000	-5800.755715
176.690707	229.358890	5.792000	-5800.734547
176.933081	229.420770	5.789000	-5800.713793
177.175504	229.482563	5.786000	-5800.693518
177.417876	229.544446	5.784000	-5800.673807
177.660299	229.606242	5.781000	-5800.654657
177.902670	229.668129	5.778000	-5800.636097
178.145090	229.729928	5.775000	-5800.618064
178.387511	229.791730	5.772000	-5800.600404
178.629880	229.853621	5.770000	-5800.582862
178.872299	229.915426	5.767000	-5800.565298
179.114667	229.977321	5.764000	-5800.547653
179.357085	230.039129	5.761000	-5800.529824
179.599502	230.100938	5.759000	-5800.511773
179.841822	230.162694	5.756000	-5800.493469
180.084187	230.224596	5.753000	-5800.474908
180.326602	230.286411	5.750000	-5800.456068
180.569017	230.348227	5.747000	-5800.436995
180.811431	230.410044	5.745000	-5800.417738
181.053794	230.471953	5.742000	-5800.398385
181.296207	230.533774	5.739000	-5800.378993
181.538619	230.595597	5.736000	-5800.359692
181.781031	230.657421	5.733000	-5800.340615
182.023442	230.719247	5.731000	-5800.321909
182.265852	230.781075	5.728000	-5800.303653
182.508262	230.842904	5.725000	-5800.285815
182.750574	230.904681	5.722000	-5800.268358
182.992982	230.966513	5.720000	-5800.251237
183.235390	231.028348	5.717000	-5800.234415
183.477798	231.090184	5.714000	-5800.217851
183.720204	231.152022	5.711000	-5800.201503
183.962610	231.213861	5.709000	-5800.185328
184.205016	231.275702	5.706000	-5800.169281
184.447420	231.337545	5.703000	-5800.153317
184.689825	231.399389	5.700000	-5800.137390
184.932131	231.461180	5.698000	-5800.121452
185.174534	231.523028	5.695000	-5800.105449
185.416987	231.584789	5.692000	-5800.089312
185.659389	231.646640	5.689000	-5800.073029
185.901790	231.708492	5.687000	-5800.056951
186.144190	231.770347	5.684000	-5800.041289
186.386590	231.832203	5.681000	-5800.026000
186.628943	231.893917	5.678000	-5800.011017
186.871341	231.955776	5.676000	-5799.996305
187.113739	232.017637	5.673000	-5799.981785
187.356187	232.079411	5.670000	-5799.967360
187.598584	232.141275	5.667000	-5799.952978
187.841030	232.203052	5.665000	-5799.938516
188.083329	232.264865	5.662000	-5799.923914
188.325724	232.326735	5.659000	-5799.909055
188.568169	232.388517	5.657000	-5799.893827
188.810562	232.450390	5.654000	-5799.878162
189.053006	232.512175	5.651000	-5799.861929
189.295398	232.574051	5.649000	-5799.845060
189.537743	232.635785	5.646000	-5799.827363
189.780185	232.697575	5.643000	-5799.808718
190.022576	232.759457	5.641000	-5799.789266
190.265016	232.821250	5.638000	-5799.769109
190.507405	232.883135	5.635000	-5799.748406
190.749747	232.944877	5.633000	-5799.727258
190.992186	233.006676	5.630000	-5799.705794
191.234573	233.068565	5.627000	-5799.684154
191.477011	233.130367	5.625000	-5799.662426
191.719447	233.192171	5.622000	-5799.640735
191.961786	233.253922	5.620000	-5799.619195
192.204171	233.315818	5.617000	-5799.597912
192.446606	233.377627	5.614000	-5799.576959
192.689040	233.439437	5.612000	-5799.556440
192.931474	233.501250	5.609000	-5799.536439
193.173810	233.563008	5.607000	-5799.516992
193.416242	233.624824	5.604000	-5799.497673
193.658674	233.686641	5.601000	-5799.478329
193.901105	233.748460	5.599000	-5799.458912
194.143438	233.810226	5.596000	-5799.439392
194.385868	233.872048	5.594000	-5799.419739
194.628297	233.933872	5.591000	-5799.399950
194.870726	233.995697	5.589000	-5799.380032
195.113057	234.057470	5.586000	-5799.360008
195.355484	234.119299	5.584000	-5799.339902
195.597911	234.181129	5.581000	-5799.319764
195.840337	234.242961	5.579000	-5799.299653
196.082666	234.304740	5.576000	-5799.279644
196.325090	234.366576	5.574000	-5799.259809
196.567515	234.428413	5.571000	-5799.240247
196.809938	234.490252	5.569000	-5799.221061
197.052315	234.551949	5.566000	-5799.202386
197.294737	234.613791	5.564000	-5799.184291
197.537159	234.675635	5.561000	-5799.166721
197.779483	234.737426	5.559000	-5799.149636
198.021954	234.799185	5.556000	-5799.132967
198.264374	234.861034	5.554000	-5799.116706
198.506793	234.922884	5.552000	-5799.100789
198.749165	234.984593	5.549000	-5799.085151
198.991583	235.046447	5.547000	-5799.069770
199.234051	235.108214	5.544000	-5799.054561
199.476371	235.170016	5.542000	-5799.039491
199.718787	235.231875	5.540000	-5799.024452
199.961253	235.293647	5.537000	-5799.009369
200.203668	235.355509	5.535000	-5798.994209
200.446035	235.417230	5.533000	-5798.978880
200.688449	235.479095	5.530000	-5798.963508
200.930912	235.540874	5.528000	-5798.948539
201.173279	235.602599	5.526000	-5798.933971
201.415690	235.664470	5.523000	-5798.919749
201.658152	235.726253	5.521000	-5798.905770
201.900465	235.788073	5.519000	-5798.891987
202.142926	235.849860	5.516000	-5798.878284
202.385385	235.911648	5.514000	-5798.864588
202.627697	235.973472	5.512000	-5798.850824
202.870156	236.035264	5.509000	-5798.836862
203.112613	236.097058	5.507000	-5798.822618
203.354974	236.158798	5.505000	-5798.807994
203.597430	236.220595	5.503000	-5798.792880
203.839739	236.282428	5.500000	-5798.777190
204.082194	236.344228	5.498000	-5798.760782
204.324649	236.406030	5.496000	-5798.743552
204.567006	236.467779	5.494000	-5798.725238
204.809460	236.529585	5.491000	-5798.705870
205.051912	236.591392	5.489000	-5798.685596
205.294268	236.653146	5.487000	-5798.664571
205.536719	236.714956	5.485000	-5798.642938
205.779170	236.776768	5.483000	-5798.620862
206.021524	236.838527	5.480000	-5798.598510
206.263974	236.900342	5.478000	-5798.576037
206.506326	236.962105	5.476000	-5798.553623
206.748774	237.023923	5.474000	-5798.531425
206.991222	237.085744	5.472000	-5798.509621
207.233572	237.147511	5.469000	-5798.488386
207.476019	237.209335	5.467000	-5798.467878
207.718368	237.271106	5.465000	-5798.448275
207.960813	237.332933	5.463000	-5798.429730
208.203308	237.394673	5.461000	-5798.412310
208.445656	237.456449	5.459000	-5798.395919
208.688099	237.518281	5.457000	-5798.380401
208.930445	237.580060	5.455000	-5798.365614
209.172938	237.641807	5.452000	-5798.351383
209.415283	237.703589	5.450000	-5798.337582
209.657723	237.765428	5.448000	-5798.324024
209.900214	237.827180	5.446000	-5798.310526
210.142557	237.888968	5.444000	-5798.296948
210.384996	237.950812	5.442000	-5798.283098
210.627388	238.012514	5.440000	-5798.268797
210.869826	238.074361	5.438000	-5798.253908
211.112217	238.136066	5.436000	-5798.238249
211.354653	238.197917	5.434000	-5798.221702
211.597140	238.259681	5.432000	-5798.204107
211.839478	238.321480	5.430000	-5798.185395
212.081963	238.383247	5.428000	-5798.165549
212.324301	238.445050	5.426000	-5798.144768
212.566784	238.506820	5.423000	-5798.123192
212.809171	238.568537	5.421000	-5798.101040
213.051603	238.630400	5.419000	-5798.078511
213.293988	238.692120	5.417000	-5798.055776
213.536469	238.753897	5.415000	-5798.033027
213.778803	238.815710	5.413000	-5798.010472
214.021283	238.877491	5.411000	-5797.988236
214.263666	238.939218	5.409000	-5797.966500
214.506145	239.001002	5.407000	-5797.945390
214.748476	239.062821	5.405000	-5797.925051
214.990953	239.124608	5.404000	-5797.905539
215.233333	239.186342	5.402000	-5797.886953
215.475810	239.248133	5.400000	-5797.869337
215.718189	239.309870	5.398000	-5797.852787
215.960664	239.371664	5.396000	-5797.837197
216.202991	239.433494	5.394000	-5797.822411
216.445465	239.495291	5.392000	-5797.808220
216.687841	239.557035	5.390000	-5797.794473
216.930314	239.618836	5.388000	-5797.780999
217.172689	239.680584	5.386000	-5797.767643
217.415160	239.742388	5.384000	-5797.754248
217.657534	239.804139	5.382000	-5797.740674
217.900054	239.865857	5.380000	-5797.726767
218.142427	239.927612	5.378000	-5797.712433
218.384896	239.989422	5.376000	-5797.697537
218.627267	240.051180	5.375000	-5797.681979
218.869735	240.112994	5.373000	-5797.665656
219.112105	240.174755	5.371000	-5797.648488
219.354474	240.236518	5.369000	-5797.630350
219.596990	240.298248	5.367000	-5797.611173
219.839359	240.360015	5.365000	-5797.591144
220.081823	240.421837	5.363000	-5797.570392
220.324190	240.483607	5.361000	-5797.549078
220.566704	240.545344	5.360000	-5797.527328
220.809069	240.607117	5.358000	-5797.505336
221.051531	240.668946	5.356000	-5797.483223
221.293946	240.730634	5.354000	-5797.461136
221.536310	240.792412	5.352000	-5797.439244
221.778820	240.854157	5.350000	-5797.417657
222.021183	240.915939	5.348000	-5797.396558
222.263642	240.977777	5.347000	-5797.376059
222.506053	241.039472	5.345000	-5797.356292
222.748414	241.101259	5.343000	-5797.337414
222.990921	241.163013	5.341000	-5797.319484
223.233331	241.224714	5.339000	-5797.302294
223.475787	241.286560	5.338000	-5797.285706
223.718195	241.348265	5.336000	-5797.269595
223.960553	241.410059	5.334000	-5797.253889
224.203057	241.471822	5.332000	-5797.238456
224.445464	241.533531	5.330000	-5797.223219
224.687916	241.595386	5.329000	-5797.208084
224.930322	241.657099	5.327000	-5797.192930
225.172727	241.718814	5.325000	-5797.177687
225.415177	241.780674	5.323000	-5797.162291
225.657581	241.842391	5.321000	-5797.146648
225.900080	241.904166	5.320000	-5797.130715
226.142483	241.965887	5.318000	-5797.114454
226.384884	242.027610	5.316000	-5797.097834
226.627332	242.089479	5.314000	-5797.080855
226.869732	242.151205	5.313000	-5797.063819
227.112132	242.212933	5.311000	-5797.046969
227.354628	242.274718	5.309000	-5797.030253
227.597026	242.336449	5.307000	-5797.013630
227.839424	242.398182	5.306000	-5796.997052
228.081918	242.459972	5.304000	-5796.980473
228.324315	242.521708	5.302000	-5796.963855
228.566711	242.583447	5.300000	-5796.947154
228.809203	242.645242	5.299000	-5796.930328
229.051598	242.706983	5.297000	-5796.913339
229.293992	242.768726	5.295000	-5796.896148
229.536482	242.830526	5.294000	-5796.878711
229.778926	242.892184	5.292000	-5796.860976
230.021318	242.953933	5.290000	-5796.842940
230.263806	243.015738	5.288000	-5796.824541
230.506197	243.077490	5.287000	-5796.805833
230.748587	243.139243	5.285000	-5796.787094
230.991124	243.200964	5.283000	-5796.768386
231.233513	243.262721	5.282000	-5796.749803
231.475902	243.324480	5.280000	-5796.731364
231.718290	243.386240	5.278000	-5796.713093
231.960824	243.447968	5.277000	-5796.694977
232.203211	243.509732	5.275000	-5796.677053
232.445596	243.571497	5.273000	-5796.659280
232.688129	243.633231	5.272000	-5796.641603
232.930514	243.695000	5.270000	-5796.624014
233.172948	243.756681	5.268000	-5796.606416
233.415331	243.818453	5.266000	-5796.588769
233.657861	243.880193	5.265000	-5796.570951
233.900243	243.941969	5.263000	-5796.552906
234.142675	244.003658	5.261000	-5796.534490
234.385153	244.065491	5.260000	-5796.515588
234.627584	244.127183	5.258000	-5796.496186
234.869963	244.188966	5.257000	-5796.476355
235.112393	244.250661	5.255000	-5796.456112
235.354918	244.312413	5.253000	-5796.435513
235.597296	244.374201	5.252000	-5796.414635
235.839723	244.435901	5.250000	-5796.393492
236.082150	244.497603	5.248000	-5796.372155
236.324673	244.559362	5.247000	-5796.350671
236.567048	244.621156	5.245000	-5796.329126
236.809473	244.682863	5.243000	-5796.307543
237.051898	244.744572	5.242000	-5796.286005
237.294321	244.806283	5.240000	-5796.264573
237.536841	244.868050	5.238000	-5796.243303
237.779213	244.929853	5.237000	-5796.222285
238.021635	244.991569	5.235000	-5796.201364
238.264056	245.053286	5.234000	-5796.180345
238.506573	245.115060	5.232000	-5796.159220
238.748993	245.176781	5.230000	-5796.138008
238.991413	245.238504	5.229000	-5796.116718
239.233831	245.300228	5.227000	-5796.095368
239.476249	245.361954	5.225000	-5796.073983
239.718763	245.423737	5.224000	-5796.052581
239.961180	245.485466	5.222000	-5796.031198
240.203596	245.547197	5.221000	-5796.009856
240.446012	245.608930	5.219000	-5795.988577
240.688426	245.670664	5.217000	-5795.967383
240.930891	245.732312	5.216000	-5795.946279
241.173401	245.794105	5.214000	-5795.925304
241.415814	245.855844	5.213000	-5795.904464
241.658227	245.917586	5.211000	-5795.883823
241.900638	245.979329	5.209000	-5795.863626
242.143100	246.040985	5.208000	-5795.843795
242.385510	246.102731	5.206000	-5795.824259
242.628017	246.164534	5.205000	-5795.804899
242.870476	246.226195	5.203000	-5795.785607
243.112885	246.287947	5.201000	-5795.766312
243.355292	246.349700	5.200000	-5795.746901
243.597750	246.411366	5.198000	-5795.727267
243.840157	246.473123	5.197000	-5795.707351
244.082710	246.534848	5.195000	-5795.687033
244.325115	246.596608	5.194000	-5795.666273
244.567520	246.658369	5.192000	-5795.644974
244.809974	246.720044	5.190000	-5795.623049
245.052378	246.781809	5.189000	-5795.600461
245.294831	246.843488	5.187000	-5795.577117
245.537283	246.905168	5.186000	-5795.553016
245.779685	246.966938	5.184000	-5795.528255
246.022233	247.028676	5.182000	-5795.502891
246.264633	247.090450	5.181000	-5795.477057
246.507083	247.152137	5.179000	-5795.450799
246.749533	247.213825	5.178000	-5795.424214
246.991931	247.275604	5.176000	-5795.397392
247.234379	247.337296	5.175000	-5795.370374
247.476826	247.398989	5.173000	-5795.343243
247.719273	247.460685	5.171000	-5795.316063
247.961719	247.522382	5.170000	-5795.288897
248.204115	247.584169	5.168000	-5795.261820
248.446656	247.645925	5.167000	-5795.234853
248.689101	247.707627	5.165000	-5795.208087
248.931544	247.769331	5.164000	-5795.181573
249.173987	247.831036	5.162000	-5795.155363
249.416430	247.892743	5.161000	-5795.129422
249.658871	247.954452	5.159000	-5795.103680
249.901312	248.016163	5.157000	-5795.078067
250.143753	248.077875	5.156000	-5795.052518
250.386193	248.139590	5.154000	-5795.026965
250.628632	248.201305	5.153000	-5795.001343
250.871071	248.263023	5.151000	-5794.975584
251.113509	248.324742	5.150000	-5794.949620
251.355946	248.386463	5.148000	-5794.923382
251.598382	248.448186	5.147000	-5794.896799
251.840818	248.509910	5.145000	-5794.869799
252.083254	248.571636	5.144000	-5794.842307
252.325739	248.633275	5.142000	-5794.814231
252.568173	248.695005	5.141000	-5794.785525
252.810607	248.756736	5.139000	-5794.756091
253.053039	248.818469	5.137000	-5794.725898
253.295619	248.880170	5.136000	-5794.694985
253.538050	248.941906	5.134000	-5794.663476
253.780481	249.003645	5.133000	-5794.631423
254.022962	249.065296	5.131000	-5794.598889
254.265392	249.127037	5.130000	-5794.565989
254.507821	249.188780	5.128000	-5794.532789
254.750299	249.250437	5.127000	-5794.499359
254.992727	249.312183	5.125000	-5794.465819
255.235205	249.373843	5.124000	-5794.432224
255.477631	249.435593	5.122000	-5794.398695
255.720107	249.497256	5.121000	-5794.365291
255.962533	249.559010	5.119000	-5794.332133
256.205008	249.620677	5.118000	-5794.299278
256.447335	249.682378	5.116000	-5794.266857
256.689808	249.744048	5.115000	-5794.234953
256.932231	249.805809	5.113000	-5794.203571
257.174703	249.867482	5.112000	-5794.172548
257.417175	249.929157	5.110000	-5794.141777
257.659596	249.990923	5.108000	-5794.111156
257.902066	250.052602	5.107000	-5794.080546
258.144536	250.114282	5.105000	-5794.049862
258.387005	250.175964	5.104000	-5794.019011
258.629424	250.237736	5.102000	-5793.987926
258.871892	250.299422	5.101000	-5793.956500
259.114359	250.361109	5.099000	-5793.924683
259.356826	250.422798	5.098000	-5793.892417
259.599292	250.484489	5.096000	-5793.859653
259.841757	250.546181	5.095000	-5793.826349
260.084171	250.607964	5.093000	-5793.792488
260.326635	250.669659	5.092000	-5793.758203
260.569099	250.731357	5.090000	-5793.724032
260.811562	250.793056	5.089000	-5793.689983
261.054024	250.854757	5.087000	-5793.656015
261.296389	250.916405	5.086000	-5793.622096
261.538850	250.978109	5.084000	-5793.588151
261.781310	251.039815	5.083000	-5793.554138
262.023820	251.101434	5.081000	-5793.520017
262.266279	251.163144	5.080000	-5793.485770
262.508737	251.224855	5.078000	-5793.451340
262.751195	251.286568	5.077000	-5793.416684
262.993652	251.348283	5.075000	-5793.381765
263.236108	251.409999	5.074000	-5793.346546
263.478564	251.471717	5.072000	-5793.310999
263.720973	251.533294	5.071000	-5793.275106
263.963428	251.595015	5.069000	-5793.238995
264.205881	251.656739	5.068000	-5793.204745
264.448385	251.718375	5.066000	-5793.172674
264.690838	251.780102	5.065000	-5793.142362
264.933290	251.841830	5.063000	-5793.113346
265.175791	251.903472	5.062000	-5793.085137
265.418242	251.965204	5.061000	-5793.057232
265.660595	252.026882	5.059000	-5793.029094
265.903095	252.088529	5.058000	-5793.000120
266.145544	252.150266	5.056000	-5792.969713
266.388042	252.211916	5.055000	-5792.937224
266.630490	252.273657	5.053000	-5792.901967
266.872987	252.335311	5.052000	-5792.863221
267.115337	252.396999	5.050000	-5792.820245
267.357832	252.458657	5.049000	-5792.772204
267.600328	252.520315	5.047000	-5792.718282
267.842772	252.582065	5.046000	-5792.659320
268.085266	252.643727	5.044000	-5792.597008
268.327759	252.705391	5.043000	-5792.531181
268.570105	252.767090	5.041000	-5792.461710
268.812597	252.828758	5.040000	-5792.388383
269.055089	252.890427	5.038000	-5792.311089
269.297529	252.952186	5.037000	-5792.229693
269.540019	253.013859	5.035000	-5792.144083
269.782412	253.075478	5.034000	-5792.054187
270.024901	253.137154	5.032000	-5791.959822
270.267389	253.198832	5.031000	-5791.860941
270.509877	253.260512	5.029000	-5791.757466
270.752313	253.322281	5.028000	-5791.649327
270.994703	253.383909	5.026000	-5791.536522
271.237189	253.445594	5.025000	-5791.418895
271.479674	253.507280	5.024000	-5791.295819
271.722158	253.568969	5.022000	-5791.164635
271.964642	253.630658	5.021000	-5791.025717
272.207028	253.692295	5.019000	-5790.879910
272.449511	253.753988	5.018000	-5790.727875
272.691993	253.815683	5.016000	-5790.570487
272.934524	253.877292	5.015000	-5790.408562
273.176908	253.938935	5.013000	-5790.243022
273.419388	254.000635	5.012000	-5790.074559
273.661867	254.062337	5.010000	-5789.904110
273.904346	254.124041	5.009000	-5789.732545
274.146727	254.185692	5.007000	-5789.560824
274.389255	254.247310	5.006000	-5789.389742
274.631731	254.309019	5.004000	-5789.220304
274.874207	254.370730	5.003000	-5789.053372
275.116586	254.432387	5.002000	-5788.889809
275.359111	254.494013	5.000000	-5788.726850
275.601585	254.555728	4.999000	-5788.563187
275.844059	254.617446	4.997000	-5788.399006
276.086485	254.679022	4.996000	-5788.234566
276.328958	254.740743	4.994000	-5788.069921
276.571480	254.802377	4.993000	-5787.905303
276.813854	254.864046	4.991000	-5787.740969
277.056374	254.925684	4.990000	-5787.576903
277.298844	254.987412	4.988000	-5787.413332
277.541363	255.049053	4.987000	-5787.250355
277.783735	255.110729	4.985000	-5787.088159
278.026253	255.172374	4.984000	-5786.926661
278.268720	255.234109	4.982000	-5786.766008
278.511140	255.295702	4.981000	-5786.606291
278.753656	255.357351	4.980000	-5786.447391
278.996121	255.419091	4.978000	-5786.288481
279.238540	255.480690	4.977000	-5786.128064
279.481054	255.542345	4.975000	-5785.966349
279.723517	255.604090	4.974000	-5785.803821
279.965933	255.665693	4.972000	-5785.640946
280.208445	255.727353	4.971000	-5785.478008
280.450957	255.789015	4.969000	-5785.315507
280.693371	255.850624	4.968000	-5785.153955
280.935831	255.912378	4.966000	-5784.993663
281.178341	255.974045	4.965000	-5784.835143
281.420753	256.035659	4.964000	-5784.678938
281.663262	256.097329	4.962000	-5784.525385
281.905770	256.159001	4.961000	-5784.375035
282.148180	256.220620	4.959000	-5784.228443
282.390686	256.282296	4.958000	-5784.085976
282.633192	256.343974	4.956000	-5783.947900
282.875601	256.405598	4.955000	-5783.812256
283.118105	256.467279	4.953000	-5783.678507
283.360512	256.528906	4.952000	-5783.546836
283.603016	256.590591	4.950000	-5783.417210
283.845518	256.652277	4.949000	-5783.289776
284.087924	256.713910	4.947000	-5783.164691
284.330475	256.775511	4.946000	-5783.041946
