-246.794022	120.855275	5.195000	1194.395603
-246.551830	120.917489	5.195000	1195.030550
-246.309640	120.979706	5.194000	1195.664836
-246.067450	121.041923	5.194000	1196.298463
-245.825357	121.104088	5.193000	1196.931192
-245.583168	121.166308	5.193000	1197.563505
-245.340980	121.228530	5.192000	1198.195154
-245.098792	121.290753	5.192000	1198.826137
-244.856605	121.352978	5.191000	1199.456455
-244.614515	121.415150	5.191000	1200.085865
-244.372329	121.477377	5.190000	1200.714848
-244.130143	121.539606	5.190000	1201.343162
-243.887958	121.601836	5.189000	1201.970806
-243.645773	121.664068	5.189000	1202.597779
-243.403686	121.726247	5.188000	1203.223840
-243.161503	121.788481	5.188000	1203.849469
-242.919320	121.850717	5.188000	1204.474423
-242.677137	121.912955	5.187000	1205.098703
-242.435001	121.975048	5.187000	1205.722237
-242.192819	122.037288	5.186000	1206.345165
-241.950639	122.099530	5.186000	1206.967415
-241.708458	122.161773	5.185000	1207.588991
-241.466375	122.223963	5.185000	1208.209654
-241.224145	122.286117	5.184000	1208.830051
-240.981966	122.348365	5.184000	1209.449607
-240.739788	122.410613	5.183000	1210.068492
-240.497610	122.472864	5.183000	1210.686708
-240.255479	122.534969	5.182000	1211.304185
-240.013302	122.597222	5.182000	1211.921064
-239.771126	122.659477	5.182000	1212.537275
-239.528900	122.721641	5.181000	1213.152988
-239.286822	122.783844	5.181000	1213.767633
-239.044647	122.846103	5.180000	1214.381850
-238.802422	122.908271	5.180000	1214.995572
-238.560249	122.970533	5.179000	1215.608464
-238.318122	123.032650	5.179000	1216.220629
-238.075950	123.094914	5.178000	1216.832199
-237.833778	123.157180	5.178000	1217.443106
-237.591652	123.219301	5.178000	1218.053284
-237.349482	123.281570	5.177000	1218.662867
-237.107260	123.343749	5.177000	1219.271954
-236.865091	123.406020	5.176000	1219.880212
-236.622968	123.468147	5.176000	1220.487742
-236.380799	123.530422	5.176000	1221.094675
-236.138580	123.592606	5.175000	1221.701113
-235.896413	123.654883	5.175000	1222.306722
-235.654291	123.717016	5.174000	1222.911603
-235.412074	123.779204	5.174000	1223.516054
-235.169908	123.841486	5.174000	1224.119676
-234.927692	123.903677	5.173000	1224.722802
-234.685573	123.965815	5.173000	1225.325034
-234.443409	124.028101	5.172000	1225.926655
-234.201194	124.090297	5.172000	1226.527762
-233.959076	124.152439	5.172000	1227.127965
-233.716914	124.214729	5.171000	1227.727561
-233.474701	124.276929	5.171000	1228.326658
-233.232488	124.339130	5.171000	1228.925094
-232.990424	124.401370	5.170000	1229.522481
-232.748212	124.463575	5.170000	1230.119610
-232.506001	124.525780	5.170000	1230.716093
-232.263888	124.587933	5.169000	1231.311708
-232.021678	124.650141	5.169000	1231.906914
-231.779519	124.712443	5.169000	1232.501323
-231.537408	124.774599	5.168000	1233.095044
-231.295199	124.836812	5.168000	1233.688371
-231.052991	124.899026	5.168000	1234.281082
-230.810784	124.961242	5.168000	1234.873173
-230.568674	125.023404	5.167000	1235.464405
-230.326468	125.085623	5.167000	1236.055230
-230.084262	125.147843	5.167000	1236.645422
-229.842154	125.210009	5.166000	1237.234756
-229.600001	125.272324	5.166000	1237.823517
-229.357797	125.334548	5.166000	1238.411811
-229.115690	125.396719	5.166000	1238.999247
-228.873487	125.458946	5.165000	1239.586275
-228.631285	125.521174	5.165000	1240.172671
-228.389129	125.583258	5.165000	1240.758375
-228.146927	125.645490	5.165000	1241.343506
-227.904726	125.707722	5.165000	1241.928005
-227.662623	125.769902	5.164000	1242.511649
-227.420424	125.832137	5.164000	1243.094885
-227.178224	125.894374	5.164000	1243.677488
-226.936123	125.956558	5.164000	1244.259233
-226.693925	126.018798	5.164000	1244.840564
-226.451727	126.081039	5.163000	1245.421262
-226.209576	126.143136	5.163000	1246.001269
-225.967379	126.205380	5.163000	1246.580704
-225.725183	126.267626	5.163000	1247.159510
-225.483085	126.329818	5.163000	1247.737468
-225.240890	126.392067	5.163000	1248.315020
-224.998644	126.454225	5.162000	1248.892111
-224.756548	126.516422	5.162000	1249.468198
-224.514355	126.578675	5.162000	1250.043883
-224.272111	126.640837	5.162000	1250.619112
-224.030015	126.703038	5.162000	1251.193342
-223.787824	126.765295	5.162000	1251.767174
-223.545581	126.827462	5.162000	1252.340555
-223.303488	126.889668	5.162000	1252.912931
-223.061298	126.951929	5.162000	1253.484897
-222.819057	127.014100	5.162000	1254.056399
-222.576965	127.076310	5.162000	1254.626899
-222.334726	127.138484	5.162000	1255.197156
-222.092538	127.200751	5.162000	1255.766633
-221.850448	127.262965	5.162000	1256.335278
-221.608210	127.325143	5.162000	1256.903687
-221.366121	127.387360	5.162000	1257.471109
-221.123884	127.449541	5.162000	1258.038299
-220.881699	127.511815	5.162000	1258.604722
-220.639560	127.573945	5.162000	1259.170488
-220.397376	127.636222	5.162000	1259.735708
-220.155141	127.698409	5.162000	1260.300490
-219.913004	127.760543	5.162000	1260.864463
-219.670822	127.822824	5.162000	1261.427891
-219.428685	127.884961	5.162000	1261.990655
-219.186504	127.947245	5.162000	1262.552864
-218.944272	128.009439	5.162000	1263.114627
-218.702138	128.071580	5.162000	1263.675572
-218.459958	128.133868	5.162000	1264.235967
-218.217728	128.196067	5.163000	1264.795922
-217.975595	128.258212	5.163000	1265.355065
-217.733365	128.320413	5.163000	1265.913824
-217.491285	128.382653	5.163000	1266.471615
-217.249057	128.444857	5.163000	1267.029186
-217.006829	128.507063	5.163000	1267.586164
-216.764699	128.569215	5.164000	1268.142342
-216.522524	128.631515	5.164000	1268.697984
-216.280395	128.693671	5.164000	1269.252989
-216.038169	128.755882	5.164000	1269.807618
-215.795944	128.818095	5.164000	1270.361651
-215.553817	128.880254	5.165000	1270.914877
-215.311593	128.942470	5.165000	1271.467718
-215.069518	129.004724	5.165000	1272.019596
-214.827295	129.066943	5.166000	1272.571251
-214.585073	129.129162	5.166000	1273.122317
-214.342948	129.191329	5.166000	1273.672587
-214.100727	129.253552	5.166000	1274.222480
-213.858604	129.315722	5.167000	1274.771581
-213.616383	129.377947	5.167000	1275.320310
-213.374261	129.440120	5.168000	1275.868253
-213.132042	129.502349	5.168000	1276.415826
-212.889824	129.564579	5.168000	1276.962824
-212.647703	129.626755	5.169000	1277.509043
-212.405485	129.688988	5.169000	1278.054899
-212.163366	129.751168	5.170000	1278.599970
-211.921149	129.813404	5.170000	1279.144663
-211.678979	129.875495	5.170000	1279.688726
-211.436764	129.937734	5.171000	1280.232256
-211.194550	129.999974	5.171000	1280.775209
-210.952433	130.062160	5.172000	1281.317381
-210.710219	130.124403	5.172000	1281.859184
-210.468103	130.186593	5.173000	1282.400212
-210.225839	130.248748	5.173000	1282.941032
-209.983725	130.310940	5.174000	1283.480922
-209.741513	130.373189	5.174000	1284.020451
-209.499302	130.435439	5.175000	1284.559417
-209.257189	130.497636	5.176000	1285.097617
-209.014928	130.559797	5.176000	1285.635619
-208.772816	130.621997	5.177000	1286.172703
-208.530607	130.684253	5.177000	1286.709429
-208.288445	130.746364	5.178000	1287.245540
-208.046238	130.808623	5.179000	1287.781127
-207.804128	130.870829	5.179000	1288.315945
-207.561870	130.932999	5.180000	1288.850557
-207.319761	130.995207	5.181000	1289.384247
-207.077504	131.057380	5.181000	1289.917733
-206.835397	131.119592	5.182000	1290.450302
-206.593192	131.181859	5.183000	1290.982513
-206.350937	131.244036	5.184000	1291.514325
-206.108831	131.306252	5.184000	1292.045225
-205.866577	131.368432	5.185000	1292.575929
-205.624472	131.430651	5.186000	1293.105725
-205.382220	131.492834	5.187000	1293.635329
-205.140116	131.555056	5.188000	1294.164029
-204.897864	131.617242	5.189000	1294.692538
-204.655761	131.679466	5.189000	1295.220140
-204.413510	131.741655	5.190000	1295.747544
-204.171357	131.803791	5.191000	1296.274196
-203.929159	131.866074	5.192000	1296.800339
-203.687007	131.928212	5.193000	1297.325888
-203.444759	131.990407	5.194000	1297.851083
-203.202659	132.052640	5.195000	1298.375375
-202.960412	132.114837	5.196000	1298.899469
-202.718262	132.176982	5.197000	1299.422817
-202.476067	132.239274	5.198000	1299.945657
-202.233918	132.301421	5.199000	1300.467908
-201.991673	132.363624	5.200000	1300.989807
-201.749577	132.425866	5.201000	1301.510807
-201.507333	132.488072	5.202000	1302.031612
-201.265186	132.550225	5.203000	1302.551674
-201.022943	132.612434	5.204000	1303.071375
-200.780798	132.674590	5.205000	1303.590318
-200.538607	132.736894	5.206000	1304.108742
-200.296463	132.799052	5.208000	1304.626572
-200.054222	132.861267	5.209000	1305.144046
-199.812079	132.923429	5.210000	1305.660780
-199.569839	132.985647	5.211000	1306.177165
-199.327697	133.047811	5.212000	1306.692818
-199.085459	133.110032	5.214000	1307.208131
-198.843318	133.172199	5.215000	1307.722721
-198.601080	133.234423	5.216000	1308.236978
-198.358940	133.296593	5.217000	1308.750520
-198.116704	133.358820	5.219000	1309.263737
-197.874565	133.420993	5.220000	1309.776248
-197.632330	133.483222	5.221000	1310.288441
-197.390192	133.545398	5.222000	1310.799929
-197.147958	133.607630	5.224000	1311.311082
-196.905821	133.669810	5.225000	1311.821515
-196.663588	133.732045	5.226000	1312.331612
-196.421453	133.794227	5.228000	1312.840994
-196.179318	133.856410	5.229000	1313.349851
-195.937086	133.918649	5.230000	1313.858375
-195.694952	133.980836	5.232000	1314.366188
-195.452670	134.042986	5.233000	1314.873823
-195.210538	134.105176	5.235000	1315.380596
-194.968308	134.167421	5.236000	1315.887040
-194.726177	134.229613	5.237000	1316.392777
-194.483949	134.291861	5.239000	1316.898189
-194.241767	134.353964	5.240000	1317.403050
-193.999540	134.416215	5.242000	1317.907434
-193.757410	134.478413	5.243000	1318.411117
-193.515281	134.540613	5.245000	1318.914286
-193.273004	134.602776	5.246000	1319.417282
-193.030876	134.664979	5.248000	1319.919422
-192.788652	134.727237	5.249000	1320.421234
-192.546474	134.789350	5.251000	1320.922497
-192.304251	134.851611	5.252000	1321.423280
-192.062125	134.913819	5.254000	1321.923360
-191.819852	134.975992	5.255000	1322.423264
-191.577727	135.038203	5.257000	1322.922313
-191.335552	135.100324	5.258000	1323.421000
-191.093331	135.162592	5.260000	1323.919204
-190.851157	135.224716	5.261000	1324.416858
-190.608938	135.286987	5.263000	1324.914030
-190.366765	135.349114	5.264000	1325.410651
-190.124546	135.411388	5.266000	1325.906788
-189.882374	135.473518	5.268000	1326.402375
-189.640254	135.535740	5.269000	1326.897292
-189.397986	135.597927	5.271000	1327.392030
-189.155867	135.660152	5.272000	1327.885915
-188.913600	135.722342	5.274000	1328.379620
-188.671482	135.784571	5.275000	1328.872475
-188.429313	135.846709	5.277000	1329.364968
-188.187048	135.908903	5.279000	1329.857130
-187.944932	135.971136	5.280000	1330.348446
-187.702668	136.033333	5.282000	1330.839583
-187.460501	136.095477	5.283000	1331.330027
-187.218387	136.157714	5.285000	1331.819808
-186.976124	136.219916	5.287000	1332.309413
-186.733959	136.282064	5.288000	1332.798327
-186.491698	136.344269	5.290000	1333.286914
-186.249585	136.406511	5.292000	1333.774659
-186.007422	136.468664	5.293000	1334.262046
-185.765163	136.530873	5.295000	1334.749104
-185.523000	136.593029	5.296000	1335.235471
-185.280742	136.655240	5.298000	1335.721509
-185.038632	136.717490	5.300000	1336.206705
-184.796472	136.779651	5.301000	1336.691543
-184.554215	136.841867	5.303000	1337.176051
-184.312055	136.904030	5.305000	1337.659869
-184.069896	136.966194	5.306000	1338.143178
-183.827641	137.028414	5.308000	1338.626156
-183.585483	137.090582	5.309000	1339.108445
-183.343229	137.152805	5.311000	1339.590403
-183.101073	137.214975	5.313000	1340.071673
-182.858916	137.277147	5.314000	1340.552432
-182.616664	137.339375	5.316000	1341.032859
-182.374509	137.401549	5.318000	1341.512586
-182.132355	137.463725	5.319000	1341.991793
-181.890104	137.525957	5.321000	1342.470660
-181.647950	137.588136	5.322000	1342.948833
-181.405701	137.650371	5.324000	1343.426673
-181.163548	137.712553	5.326000	1343.903825
-180.921397	137.774737	5.327000	1344.380472
-180.679149	137.836976	5.329000	1344.856793
-180.436947	137.899071	5.330000	1345.332587
-180.194797	137.961259	5.332000	1345.807735
-179.952550	138.023502	5.334000	1346.282566
-179.710401	138.085693	5.335000	1346.756731
-179.468253	138.147885	5.337000	1347.230408
-179.226008	138.210133	5.338000	1347.703778
-178.983809	138.272236	5.340000	1348.176642
-178.741663	138.334433	5.342000	1348.648874
-178.499420	138.396685	5.343000	1349.120793
-178.257223	138.458793	5.345000	1349.592199
-178.015078	138.520994	5.346000	1350.062965
-177.772836	138.583251	5.348000	1350.533415
-177.530641	138.645363	5.349000	1351.003349
-177.288497	138.707568	5.351000	1351.472640
-177.046258	138.769829	5.353000	1351.941611
-176.804064	138.831946	5.354000	1352.410062
-176.561922	138.894156	5.356000	1352.877867
-176.319684	138.956421	5.357000	1353.345348
-176.077492	139.018542	5.359000	1353.812305
-175.835352	139.080756	5.360000	1354.278613
-175.593064	139.142935	5.362000	1354.744741
-175.350925	139.205151	5.363000	1355.210044
-175.108735	139.267278	5.365000	1355.674993
-174.866501	139.329553	5.366000	1356.139467
-174.624312	139.391682	5.368000	1356.603418
-174.382175	139.453905	5.369000	1357.066723
-174.139891	139.516092	5.371000	1357.529849
-173.897704	139.578227	5.372000	1357.992306
-173.655569	139.640454	5.373000	1358.454117
-173.413383	139.702591	5.375000	1358.915579
-173.171152	139.764875	5.376000	1359.376566
-172.928967	139.827015	5.378000	1359.837034
-172.686783	139.889157	5.379000	1360.297004
-172.444553	139.951445	5.380000	1360.756499
-172.202370	140.013590	5.382000	1361.215476
-171.960188	140.075736	5.383000	1361.673956
-171.718006	140.137883	5.385000	1362.131940
-171.475779	140.200178	5.386000	1362.589448
-171.233598	140.262328	5.387000	1363.046443
-170.991417	140.324480	5.389000	1363.502947
-170.749141	140.386687	5.390000	1363.959126
-170.507013	140.448933	5.391000	1364.414495
-170.264834	140.511090	5.392000	1364.869516
-170.022656	140.573247	5.394000	1365.324039
-169.780381	140.635461	5.395000	1365.778231
-169.538204	140.697621	5.396000	1366.231755
-169.296028	140.759783	5.397000	1366.684778
-169.053755	140.822001	5.399000	1367.137464
-168.811580	140.884166	5.400000	1367.589478
-168.569456	140.946423	5.401000	1368.040839
-168.327282	141.008591	5.402000	1368.491840
-168.085011	141.070815	5.403000	1368.942496
-167.842838	141.132986	5.405000	1369.392476
-167.600665	141.195158	5.406000	1369.841944
-167.358493	141.257331	5.407000	1370.290901
-167.116225	141.319561	5.408000	1370.739513
-166.874054	141.381738	5.409000	1371.187451
-166.631832	141.443824	5.410000	1371.635028
-166.389662	141.506004	5.411000	1372.081953
-166.147396	141.568239	5.412000	1372.528537
-165.905227	141.630422	5.413000	1372.974454
-165.663059	141.692606	5.414000	1373.419870
-165.420892	141.754791	5.415000	1373.864785
-165.178628	141.817032	5.416000	1374.309365
-164.936461	141.879220	5.417000	1374.753284
-164.694244	141.941319	5.418000	1375.196854
-164.452079	142.003510	5.419000	1375.639784
-164.209817	142.065757	5.420000	1376.082383
-163.967652	142.127951	5.421000	1376.524329
-163.725437	142.190056	5.422000	1376.965933
-163.483274	142.252253	5.423000	1377.406899
-163.241015	142.314506	5.424000	1377.847533
-162.998853	142.376706	5.424000	1378.287511
-162.756640	142.438816	5.425000	1378.727137
-162.514479	142.501019	5.426000	1379.166118
-162.272267	142.563132	5.427000	1379.604743
-162.030010	142.625392	5.428000	1380.042879
-161.787851	142.687599	5.428000	1380.480349
-161.545641	142.749717	5.429000	1380.917455
-161.303483	142.811927	5.430000	1381.353907
-161.061177	142.874102	5.430000	1381.790150
-160.819020	142.936315	5.431000	1382.225574
-160.576863	142.998530	5.432000	1382.660480
-160.334656	143.060654	5.432000	1383.095014
-160.092501	143.122872	5.433000	1383.528894
-159.850198	143.185054	5.433000	1383.962572
-159.607992	143.247183	5.434000	1384.395584
-159.365838	143.309405	5.434000	1384.827944
-159.123634	143.371538	5.435000	1385.259939
-158.881481	143.433762	5.435000	1385.691278
-158.639181	143.495952	5.436000	1386.122409
-158.397029	143.558180	5.436000	1386.552724
-158.154827	143.620318	5.437000	1386.982671
-157.912625	143.682457	5.437000	1387.412102
-157.670476	143.744689	5.437000	1387.840872
-157.428275	143.806832	5.438000	1388.269270
-157.185978	143.869030	5.438000	1388.697304
-156.943779	143.931176	5.438000	1389.124662
-156.701631	143.993414	5.439000	1389.551354
-156.459433	144.055562	5.439000	1389.977680
-156.217235	144.117712	5.439000	1390.403506
-155.974941	144.179917	5.439000	1390.828984
-155.732795	144.242161	5.440000	1391.253654
-155.490599	144.304315	5.440000	1391.677957
-155.248403	144.366471	5.440000	1392.101742
-155.006208	144.428628	5.440000	1392.525005
-154.764014	144.490787	5.440000	1392.947742
-154.521723	144.553001	5.440000	1393.370102
-154.279581	144.615254	5.440000	1393.791630
-154.037388	144.677417	5.441000	1394.212761
-153.795196	144.739581	5.441000	1394.633349
-153.553004	144.801747	5.441000	1395.053388
-153.310813	144.863914	5.441000	1395.472873
-153.068526	144.926138	5.441000	1395.891954
-152.826336	144.988308	5.441000	1396.310321
-152.584146	145.050480	5.441000	1396.728130
-152.341957	145.112653	5.441000	1397.145386
-152.099769	145.174828	5.441000	1397.562092
-151.857581	145.237004	5.440000	1397.978249
-151.615394	145.299182	5.440000	1398.393863
-151.373059	145.361324	5.440000	1398.809229
-151.130873	145.423505	5.440000	1399.223764
-150.888687	145.485687	5.440000	1399.637765
-150.646502	145.547870	5.440000	1400.051234
-150.404318	145.610055	5.440000	1400.464177
-150.162134	145.672242	5.440000	1400.876594
-149.919951	145.734430	5.439000	1401.288491
-149.677716	145.796528	5.439000	1401.700014
-149.435437	145.858773	5.439000	1402.111027
-149.193256	145.920966	5.439000	1402.521382
-148.951075	145.983159	5.439000	1402.931229
-148.708843	146.045264	5.438000	1403.340708
-148.466663	146.107460	5.438000	1403.749531
-148.224483	146.169659	5.438000	1404.157835
-147.982253	146.231767	5.438000	1404.565760
-147.740075	146.293968	5.437000	1404.973015
-147.497800	146.356225	5.437000	1405.379885
-147.255572	146.418338	5.437000	1405.786215
-147.013395	146.480544	5.436000	1406.191863
-146.771219	146.542751	5.436000	1406.596967
-146.528992	146.604868	5.436000	1407.001664
-146.286817	146.667078	5.435000	1407.405665
-146.044591	146.729199	5.435000	1407.809251
-145.802418	146.791412	5.435000	1408.212132
-145.560193	146.853535	5.434000	1408.614588
-145.318020	146.915751	5.434000	1409.016350
-145.075700	146.977932	5.434000	1409.417869
-144.833528	147.040150	5.433000	1409.818569
-144.591306	147.102280	5.433000	1410.218871
-144.349135	147.164501	5.432000	1410.618486
-144.106914	147.226634	5.432000	1411.017692
-143.864694	147.288767	5.432000	1411.416343
-143.622525	147.350993	5.431000	1411.814291
-143.380305	147.413130	5.431000	1412.211814
-143.138086	147.475268	5.431000	1412.608764
-142.895919	147.537498	5.430000	1413.004995
-142.653701	147.599639	5.430000	1413.400784
-142.411484	147.661782	5.429000	1413.795985
-142.169221	147.724071	5.429000	1414.190591
-141.927005	147.786217	5.428000	1414.584596
-141.684790	147.848364	5.428000	1414.977998
-141.442574	147.910512	5.428000	1415.370805
-141.200411	147.972753	5.427000	1415.762881
-140.958197	148.034904	5.427000	1416.154508
-140.715984	148.097057	5.426000	1416.545549
-140.473771	148.159211	5.426000	1416.936007
-140.231559	148.221367	5.425000	1417.325882
-139.989347	148.283524	5.425000	1417.715179
-139.747187	148.345774	5.425000	1418.103759
-139.504976	148.407934	5.424000	1418.491905
-139.262766	148.470096	5.424000	1418.879479
-139.020557	148.532259	5.423000	1419.266485
-138.778348	148.594423	5.423000	1419.652924
-138.536140	148.656589	5.423000	1420.038799
-138.293932	148.718757	5.422000	1420.424112
-138.051725	148.780926	5.422000	1420.808866
-137.809518	148.843097	5.421000	1421.193065
-137.567215	148.905323	5.421000	1421.576842
-137.325009	148.967496	5.420000	1421.959922
-137.082804	149.029671	5.420000	1422.342436
-136.840600	149.091848	5.420000	1422.724381
-136.598396	149.154026	5.419000	1423.105753
-136.356141	149.216114	5.419000	1423.486689
-136.113939	149.278295	5.419000	1423.866905
-135.871736	149.340477	5.418000	1424.246538
-135.629535	149.402661	5.418000	1424.625583
-135.387334	149.464846	5.417000	1425.004037
-135.145133	149.527033	5.417000	1425.381896
-134.902882	149.589130	5.417000	1425.759296
-134.660682	149.651320	5.416000	1426.135954
-134.418483	149.713511	5.416000	1426.512007
-134.176285	149.775703	5.416000	1426.887469
-133.934036	149.837807	5.415000	1427.262505
-133.691839	149.900002	5.415000	1427.636833
-133.449642	149.962199	5.415000	1428.010582
-133.207395	150.024307	5.415000	1428.383885
-132.965200	150.086507	5.414000	1428.756457
-132.723005	150.148708	5.414000	1429.128429
-132.480759	150.210820	5.414000	1429.499932
-132.238565	150.273025	5.413000	1429.870683
-131.996321	150.335140	5.413000	1430.240950
-131.754128	150.397347	5.413000	1430.610451
-131.511936	150.459556	5.413000	1430.979315
-131.269693	150.521675	5.413000	1431.347675
-131.027502	150.583887	5.412000	1431.715246
-130.785260	150.646010	5.412000	1432.082297
-130.543070	150.708224	5.412000	1432.448551
-130.300830	150.770350	5.412000	1432.814307
-130.058641	150.832567	5.412000	1433.179291
-129.816402	150.894696	5.412000	1433.543781
-129.574163	150.956825	5.411000	1433.907637
-129.331976	151.019048	5.411000	1434.270722
-129.089738	151.081180	5.411000	1434.633310
-128.847552	151.143406	5.411000	1434.995126
-128.605315	151.205541	5.411000	1435.356446
-128.363176	151.267624	5.411000	1435.717002
-128.120992	151.329853	5.411000	1436.076913
-127.878757	151.391994	5.411000	1436.436325
-127.636522	151.454135	5.411000	1436.795100
-127.394289	151.516278	5.411000	1437.153237
-127.152107	151.578514	5.411000	1437.510599
-126.909874	151.640660	5.411000	1437.867460
-126.667642	151.702807	5.411000	1438.223697
-126.425410	151.764956	5.411000	1438.579316
-126.183179	151.827107	5.411000	1438.934311
-125.941000	151.889350	5.411000	1439.288540
-125.698770	151.951503	5.412000	1439.642270
-125.456541	152.013658	5.412000	1439.995360
-125.214312	152.075815	5.412000	1440.347803
-124.972083	152.137973	5.412000	1440.699595
-124.729856	152.200132	5.412000	1441.050730
-124.487629	152.262293	5.412000	1441.401202
-124.245402	152.324455	5.413000	1441.751006
-124.003176	152.386619	5.413000	1442.100138
-123.761048	152.448730	5.413000	1442.448468
-123.518823	152.510897	5.414000	1442.796237
-123.276599	152.573065	5.414000	1443.143317
-123.034375	152.635235	5.414000	1443.489715
-122.792152	152.697406	5.415000	1443.835453
-122.549929	152.759579	5.415000	1444.180530
-122.307707	152.821753	5.416000	1444.524942
-122.065485	152.883929	5.416000	1444.868686
-121.823265	152.946106	5.416000	1445.211760
-121.581044	153.008285	5.417000	1445.554160
-121.338824	153.070465	5.417000	1445.895885
-121.096554	153.132555	5.418000	1446.237065
-120.854432	153.194684	5.419000	1446.577310
-120.612214	153.256869	5.419000	1446.916988
-120.369997	153.319055	5.420000	1447.255978
-120.127780	153.381242	5.420000	1447.594276
-119.885512	153.443341	5.421000	1447.932016
-119.643296	153.505531	5.422000	1448.268923
-119.401081	153.567723	5.423000	1448.605134
-119.158815	153.629826	5.423000	1448.940801
-118.916601	153.692021	5.424000	1449.275656
-118.674387	153.754217	5.425000	1449.609830
-118.432220	153.816270	5.426000	1449.943339
-118.190007	153.878469	5.427000	1450.276141
-117.947795	153.940670	5.427000	1450.608253
-117.705533	154.002782	5.428000	1450.939804
-117.463322	154.064986	5.429000	1451.270524
-117.221060	154.127100	5.430000	1451.600677
-116.978851	154.189307	5.431000	1451.929991
-116.736590	154.251425	5.432000	1452.258732
-116.494479	154.313580	5.433000	1452.586515
-116.252220	154.375701	5.434000	1452.913830
-116.010012	154.437913	5.436000	1453.240293
-115.767754	154.500037	5.437000	1453.566169
-115.525548	154.562253	5.438000	1453.891206
-115.283291	154.624379	5.439000	1454.215681
-115.041086	154.686598	5.440000	1454.539324
-114.798927	154.748673	5.442000	1454.862286
-114.556672	154.810804	5.443000	1455.184651
-114.314468	154.873027	5.444000	1455.506173
-114.072214	154.935161	5.446000	1455.827114
-113.829960	154.997296	5.447000	1456.147335
-113.587759	155.059524	5.449000	1456.466702
-113.345506	155.121662	5.450000	1456.785476
-113.103351	155.183748	5.452000	1457.103411
-112.861151	155.245980	5.453000	1457.420589
-112.618900	155.308123	5.455000	1457.737162
-112.376650	155.370267	5.456000	1458.052994
-112.134400	155.432413	5.458000	1458.368081
-111.892151	155.494560	5.460000	1458.682430
-111.650051	155.556745	5.461000	1458.995822
-111.407803	155.618895	5.463000	1459.308731
-111.165556	155.681047	5.465000	1459.620916
-110.923309	155.743200	5.467000	1459.932372
-110.681063	155.805355	5.469000	1460.243096
-110.438817	155.867511	5.471000	1460.553084
-110.196669	155.929615	5.472000	1460.862228
-109.954424	155.991774	5.474000	1461.170734
-109.712180	156.053934	5.476000	1461.478492
-109.469937	156.116097	5.478000	1461.785500
-109.227694	156.178260	5.480000	1462.091753
-108.985549	156.240371	5.482000	1462.397145
-108.743307	156.302538	5.485000	1462.701879
-108.501066	156.364706	5.487000	1463.005846
-108.258825	156.426876	5.489000	1463.309049
-108.016585	156.489047	5.491000	1463.611518
-107.774346	156.551219	5.493000	1463.913256
-107.532204	156.613339	5.496000	1464.214154
-107.289966	156.675515	5.498000	1464.514408
-107.047728	156.737692	5.500000	1464.813910
-106.805439	156.799779	5.503000	1465.112784
-106.563300	156.861905	5.505000	1465.410662
-106.321064	156.924087	5.507000	1465.707869
-106.078828	156.986270	5.510000	1466.004298
-105.836593	157.048454	5.512000	1466.299942
-105.594308	157.110549	5.515000	1466.594924
-105.352171	157.172682	5.517000	1466.888881
-105.109937	157.234872	5.520000	1467.182131
-104.867654	157.296971	5.523000	1467.474700
-104.625421	157.359163	5.525000	1467.766322
-104.383190	157.421357	5.528000	1468.057128
-104.141005	157.483407	5.531000	1468.347157
-103.898774	157.545603	5.533000	1468.636349
-103.656544	157.607801	5.536000	1468.924740
-103.414264	157.669910	5.539000	1469.212462
-103.172132	157.732056	5.542000	1469.499166
-102.929853	157.794168	5.545000	1469.785305
-102.687625	157.856372	5.547000	1470.070529
-102.445347	157.918487	5.550000	1470.355100
-102.203217	157.980639	5.553000	1470.638670
-101.960940	158.042757	5.556000	1470.921688
-101.718715	158.104967	5.559000	1471.203807
-101.476439	158.167087	5.562000	1471.485287
-101.234312	158.229246	5.565000	1471.765784
-100.992037	158.291369	5.569000	1472.045742
-100.749814	158.353585	5.572000	1472.324823
-100.507540	158.415712	5.575000	1472.603294
-100.265364	158.477786	5.578000	1472.880928
-100.023143	158.540006	5.581000	1473.157771
-99.780871	158.602137	5.585000	1473.433977
-99.538599	158.664270	5.588000	1473.709409
-99.296476	158.726440	5.591000	1473.983839
-99.054206	158.788576	5.594000	1474.257695
-98.811936	158.850713	5.598000	1474.530748
-98.569764	158.912797	5.601000	1474.802900
-98.327547	158.975028	5.605000	1475.074193
-98.085279	159.037170	5.608000	1475.344782
-97.843011	159.099313	5.612000	1475.614531
-97.600841	159.161403	5.615000	1475.883344
-97.358575	159.223549	5.619000	1476.151385
-97.116360	159.285788	5.622000	1476.418436
-96.874095	159.347937	5.626000	1476.684783
-96.631927	159.410033	5.629000	1476.950222
-96.389663	159.472185	5.633000	1477.214924
-96.147400	159.534338	5.637000	1477.478801
-95.905234	159.596439	5.641000	1477.741764
-95.662972	159.658596	5.644000	1478.003983
-95.420710	159.720754	5.648000	1478.265369
-95.178545	159.782859	5.652000	1478.525838
-94.936285	159.845020	5.656000	1478.785556
-94.694025	159.907183	5.660000	1479.044435
-94.451765	159.969347	5.663000	1479.302474
-94.209603	160.031458	5.667000	1479.559588
-93.967345	160.093625	5.671000	1479.815940
-93.725087	160.155794	5.675000	1480.071446
-93.482927	160.217909	5.679000	1480.326022
-93.240670	160.280081	5.683000	1480.579842
-92.998363	160.342163	5.687000	1480.832957
-92.756204	160.404283	5.691000	1481.085035
-92.513949	160.466459	5.696000	1481.336357
-92.271695	160.528637	5.700000	1481.586840
-92.029538	160.590761	5.704000	1481.836401
-91.787233	160.652851	5.708000	1482.085320
-91.544980	160.715033	5.712000	1482.333264
-91.302825	160.777162	5.717000	1482.580277
-91.060574	160.839348	5.721000	1482.826511
-90.818271	160.901444	5.725000	1483.072009
-90.576118	160.963577	5.729000	1483.316443
-90.333868	161.025767	5.734000	1483.560086
-90.091568	161.087867	5.738000	1483.802982
-89.849416	161.150005	5.743000	1484.044805
-89.607168	161.212199	5.747000	1484.285832
-89.364869	161.274304	5.752000	1484.526131
-89.122719	161.336447	5.756000	1484.765378
-88.880421	161.398555	5.761000	1485.003966
-88.638175	161.460755	5.765000	1485.241571
-88.395976	161.522811	5.770000	1485.478362
-88.153731	161.585014	5.774000	1485.714238
-87.911532	161.647074	5.779000	1485.949293
-87.669289	161.709280	5.784000	1486.183425
-87.426995	161.771397	5.788000	1486.416804
-87.184849	161.833551	5.793000	1486.649109
-86.942556	161.895671	5.798000	1486.880725
-86.700314	161.957884	5.802000	1487.111333
-86.458119	162.019952	5.807000	1487.341102
-86.215828	162.082076	5.812000	1487.570050
-85.973588	162.144293	5.817000	1487.797983
-85.731395	162.206366	5.822000	1488.025094
-85.489105	162.268495	5.827000	1488.251405
-85.246964	162.330662	5.832000	1488.476653
-85.004676	162.392794	5.837000	1488.701212
-84.762388	162.454927	5.841000	1488.924890
-84.520249	162.517098	5.846000	1489.147493
-84.277962	162.579235	5.852000	1489.369395
-84.035772	162.641318	5.857000	1489.590336
-83.793487	162.703458	5.862000	1489.810446
-83.551202	162.765599	5.867000	1490.029654
-83.309065	162.827777	5.872000	1490.247770
-83.066781	162.889921	5.877000	1490.465163
-82.824595	162.952012	5.882000	1490.681577
-82.582312	163.014159	5.887000	1490.897140
-82.340030	163.076308	5.893000	1491.111780
-82.097845	163.138403	5.898000	1491.325442
-81.855564	163.200555	5.903000	1491.538261
-81.613380	163.262654	5.908000	1491.750111
-81.371100	163.324808	5.914000	1491.961117
-81.128821	163.386964	5.919000	1492.171215
-80.886639	163.449067	5.924000	1492.380343
-80.644360	163.511226	5.930000	1492.588625
-80.402179	163.573332	5.935000	1492.795937
-80.159902	163.635495	5.941000	1493.002401
-79.917723	163.697604	5.946000	1493.207894
-79.675447	163.759769	5.952000	1493.412539
-79.433171	163.821935	5.957000	1493.616273
-79.190993	163.884049	5.963000	1493.819038
-78.948719	163.946219	5.968000	1494.020951
-78.706491	164.008245	5.974000	1494.222012
-78.464218	164.070417	5.979000	1494.422106
-78.222042	164.132537	5.985000	1494.621246
-77.979770	164.194713	5.991000	1494.819544
-77.737596	164.256835	5.996000	1495.016881
-77.495274	164.318923	6.002000	1495.213487
-77.253003	164.381104	6.008000	1495.409065
-77.010830	164.443231	6.014000	1495.603673
-76.768510	164.505323	6.019000	1495.797536
-76.526338	164.567453	6.025000	1495.990305
-76.284070	164.629640	6.031000	1496.182205
-76.041849	164.691682	6.037000	1496.373239
-75.799582	164.753872	6.043000	1496.563278
-75.557412	164.816008	6.049000	1496.752328
-75.315096	164.878109	6.055000	1496.940608
-75.072927	164.940249	6.061000	1497.127775
-74.830612	165.002353	6.067000	1497.314166
-74.588444	165.064496	6.073000	1497.499459
-74.346130	165.126603	6.079000	1497.683996
-74.103867	165.188803	6.085000	1497.867490
-73.861650	165.250859	6.091000	1498.050120
-73.619389	165.313062	6.097000	1498.231754
-73.377173	165.375121	6.103000	1498.412520
-73.134913	165.437327	6.109000	1498.592286
-72.892698	165.499389	6.115000	1498.771179
-72.650439	165.561598	6.121000	1498.949066
-72.408226	165.623664	6.127000	1499.126077
-72.165916	165.685785	6.134000	1499.302192
-71.923755	165.747944	6.140000	1499.477197
-71.681447	165.810068	6.146000	1499.651416
-71.439236	165.872139	6.152000	1499.824635
-71.196980	165.934357	6.159000	1499.996833
-70.954771	165.996432	6.165000	1500.168150
-70.712465	166.058562	6.171000	1500.338575
-70.470256	166.120639	6.178000	1500.508012
-70.228002	166.182863	6.184000	1500.676437
-69.985795	166.244944	6.191000	1500.843986
-69.743491	166.307080	6.197000	1501.010633
-69.501285	166.369164	6.203000	1501.176286
-69.258982	166.431303	6.210000	1501.341032
-69.016777	166.493389	6.216000	1501.504782
-68.774527	166.555623	6.223000	1501.667507
-68.532323	166.617712	6.229000	1501.829347
-68.290119	166.679803	6.236000	1501.990229
-68.047820	166.741950	6.243000	1502.150192
-67.805617	166.804044	6.249000	1502.309152
-67.563319	166.866194	6.256000	1502.467190
-67.321118	166.928291	6.262000	1502.624226
-67.078820	166.990444	6.269000	1502.780352
-66.836620	167.052544	6.276000	1502.935488
-66.594324	167.114700	6.283000	1503.089711
-66.352125	167.176803	6.289000	1503.242940
-66.109830	167.238963	6.296000	1503.395252
-65.867632	167.301069	6.303000	1503.546565
-65.625287	167.363140	6.309000	1503.697067
-65.383091	167.425249	6.316000	1503.846456
-65.140895	167.487360	6.323000	1503.994879
-64.898602	167.549527	6.330000	1504.142371
-64.656408	167.611641	6.337000	1504.288856
-64.414116	167.673810	6.344000	1504.434403
-64.171872	167.735836	6.350000	1504.579050
-63.929582	167.798009	6.357000	1504.722644
-63.687389	167.860129	6.364000	1504.865223
-63.445197	167.922250	6.371000	1505.006824
-63.202858	167.984337	6.378000	1505.147592
-62.960667	168.046461	6.385000	1505.287242
-62.718380	168.108642	6.392000	1505.425950
-62.476139	168.170679	6.399000	1505.563763
-62.233853	168.232862	6.406000	1505.700526
-61.991664	168.294992	6.413000	1505.836288
-61.749425	168.357034	6.420000	1505.971189
-61.507141	168.419222	6.427000	1506.105044
-61.264903	168.481266	6.434000	1506.238011
-61.022620	168.543457	6.441000	1506.369934
-60.780434	168.605595	6.448000	1506.500863
-60.538198	168.667644	6.455000	1506.630938
-60.295917	168.729840	6.462000	1506.759972
-60.053682	168.791891	6.469000	1506.888126
-59.811350	168.854000	6.476000	1507.015349
-59.569168	168.916145	6.483000	1507.141478
-59.326934	168.978202	6.491000	1507.266755
-59.084656	169.040405	6.498000	1507.390989
-58.842424	169.102464	6.505000	1507.514340
-58.600146	169.164671	6.512000	1507.636643
-58.357915	169.226733	6.519000	1507.758061
-58.115685	169.288797	6.526000	1507.878511
-57.873409	169.351008	6.534000	1507.997907
-57.631180	169.413075	6.541000	1508.116413
-57.388854	169.475198	6.548000	1508.233969
-57.146626	169.537269	6.555000	1508.350526
-56.904449	169.599431	6.562000	1508.465999
-56.662125	169.661559	6.570000	1508.580621
-56.419899	169.723633	6.577000	1508.694240
-56.177673	169.785710	6.584000	1508.806879
-55.935402	169.847933	6.591000	1508.918456
-55.693177	169.910012	6.599000	1509.029142
-55.450856	169.972147	6.606000	1509.138874
-55.208633	170.034230	6.613000	1509.247610
-54.966410	170.096314	6.620000	1509.355371
-54.724090	170.158454	6.628000	1509.462175
-54.481869	170.220541	6.635000	1509.567984
-54.239647	170.282629	6.642000	1509.672818
-53.997330	170.344774	6.649000	1509.776694
-53.755110	170.406865	6.657000	1509.879577
-53.512890	170.468958	6.664000	1509.981483
-53.270574	170.531107	6.671000	1510.082431
-53.028356	170.593203	6.679000	1510.182386
-52.786138	170.655301	6.686000	1510.281365
-52.543824	170.717455	6.693000	1510.379384
-52.301607	170.779555	6.701000	1510.476413
-52.059391	170.841658	6.708000	1510.572468
-51.817079	170.903816	6.715000	1510.667562
-51.574864	170.965921	6.723000	1510.761668
-51.332649	171.028028	6.730000	1510.854798
-51.090288	171.090100	6.737000	1510.947068
-50.848074	171.152210	6.745000	1511.038245
-50.605862	171.214321	6.752000	1511.128445
-50.363553	171.276489	6.759000	1511.217679
-50.121341	171.338603	6.767000	1511.305922
-49.879079	171.400628	6.774000	1511.393290
-49.636772	171.462800	6.781000	1511.479585
-49.394562	171.524919	6.789000	1511.564889
-49.152302	171.586949	6.796000	1511.649314
-48.910093	171.649071	6.803000	1511.732656
-48.667788	171.711249	6.811000	1511.815028
-48.425530	171.773284	6.818000	1511.896519
-48.183323	171.835411	6.825000	1511.976934
-47.941020	171.897593	6.833000	1512.056380
-47.698763	171.959632	6.840000	1512.134941
-47.456558	172.021764	6.847000	1512.212422
-47.214205	172.083860	6.855000	1512.289028
-46.972001	172.145995	6.862000	1512.364544
-46.729747	172.208040	6.869000	1512.439176
-46.487544	172.270177	6.876000	1512.512722
-46.245193	172.332280	6.884000	1512.585385
-46.002992	172.394420	6.891000	1512.656954
-45.760739	172.456471	6.898000	1512.727634
-45.518442	172.518669	6.906000	1512.797224
-45.276191	172.580724	6.913000	1512.865918
-45.033940	172.642780	6.920000	1512.933617
-44.791742	172.704928	6.928000	1513.000218
-44.549395	172.767041	6.935000	1513.065925
-44.307147	172.829102	6.942000	1513.130637
-44.064949	172.891254	6.949000	1513.194258
-43.822702	172.953318	6.957000	1513.256989
-43.580358	173.015438	6.964000	1513.318732
-43.338163	173.077595	6.971000	1513.379392
-43.095917	173.139663	6.978000	1513.439168
-42.853671	173.201733	6.986000	1513.497964
-42.611330	173.263858	6.993000	1513.555780
-42.369086	173.325931	7.000000	1513.612621
-42.126893	173.388096	7.007000	1513.668390
-41.884650	173.450172	7.014000	1513.723286
-41.642311	173.512304	7.022000	1513.777210
-41.400069	173.574382	7.029000	1513.830170
-41.157828	173.636463	7.036000	1513.882151
-40.915587	173.698545	7.043000	1513.933148
-40.673250	173.760683	7.050000	1513.983158
-40.431010	173.822768	7.057000	1514.032192
-40.188772	173.884854	7.065000	1514.080248
-39.946533	173.946942	7.072000	1514.127329
-39.704295	174.009032	7.079000	1514.173436
-39.461961	174.071178	7.086000	1514.218565
-39.219725	174.133270	7.093000	1514.262731
-38.977488	174.195364	7.100000	1514.305931
-38.735253	174.257460	7.107000	1514.348165
-38.492921	174.319612	7.114000	1514.389429
-38.250687	174.381711	7.121000	1514.429740
-38.008453	174.443811	7.128000	1514.469092
-37.766220	174.505913	7.135000	1514.507488
-37.523936	174.567926	7.142000	1514.545022
-37.281607	174.630085	7.149000	1514.581489
-37.039376	174.692192	7.156000	1514.617003
-36.797145	174.754300	7.163000	1514.651554
-36.554864	174.816319	7.170000	1514.685236
-36.312634	174.878430	7.177000	1514.717859
-36.070308	174.940597	7.184000	1514.749503
-35.828079	175.002711	7.191000	1514.780194
-35.585800	175.064736	7.198000	1514.810013
-35.343573	175.126853	7.205000	1514.838771
-35.101346	175.188972	7.212000	1514.866561
-34.859069	175.251002	7.219000	1514.893477
-34.616746	175.313178	7.225000	1514.919315
-34.374470	175.375211	7.232000	1514.944293
-34.132245	175.437336	7.239000	1514.968207
-33.890022	175.499462	7.246000	1514.991152
-33.647747	175.561500	7.253000	1515.013225
-33.405524	175.623629	7.259000	1515.034238
-33.163154	175.685724	7.266000	1515.054361
-32.920933	175.747857	7.273000	1515.073442
-32.678660	175.809901	7.279000	1515.091650
-32.436440	175.872036	7.286000	1515.108797
-32.194169	175.934083	7.293000	1515.125071
-31.951899	175.996131	7.299000	1515.140376
-31.709583	176.058326	7.306000	1515.154602
-31.467314	176.120377	7.313000	1515.167971
-31.225096	176.182520	7.319000	1515.180280
-30.982828	176.244575	7.326000	1515.191712
-30.740561	176.306631	7.332000	1515.202175
-30.498294	176.368688	7.339000	1515.211669
-30.256079	176.430837	7.345000	1515.220101
-30.013716	176.492953	7.352000	1515.227619
-29.771451	176.555015	7.358000	1515.234171
-29.529237	176.617169	7.365000	1515.239648
-29.286973	176.679234	7.371000	1515.244237
-29.044710	176.741300	7.378000	1515.247854
-28.802447	176.803369	7.384000	1515.250503
-28.560185	176.865438	7.390000	1515.252189
-28.317923	176.927510	7.397000	1515.252919
-28.075616	176.989727	7.403000	1515.252581
-27.833356	177.051802	7.409000	1515.251412
-27.591096	177.113878	7.415000	1515.249303
-27.348836	177.175955	7.422000	1515.246259
-27.106578	177.238034	7.428000	1515.242285
-26.864319	177.300115	7.434000	1515.237387
-26.622062	177.362197	7.440000	1515.231570
-26.379805	177.424280	7.446000	1515.224834
-26.137548	177.486365	7.452000	1515.217163
-25.895195	177.548507	7.459000	1515.208527
-25.652940	177.610595	7.465000	1515.198984
-25.410685	177.672685	7.471000	1515.188504
-25.168431	177.734776	7.477000	1515.177087
-24.926127	177.796778	7.483000	1515.164820
-24.683874	177.858873	7.489000	1515.151526
-24.441621	177.920969	7.495000	1515.137294
-24.199369	177.983066	7.500000	1515.122123
-23.957118	178.045165	7.506000	1515.106012
-23.714868	178.107265	7.512000	1515.088961
-23.472566	178.169277	7.518000	1515.071056
-23.230317	178.231381	7.524000	1515.052122
-22.987971	178.293541	7.530000	1515.032212
-22.745723	178.355647	7.535000	1515.011393
-22.503424	178.417665	7.541000	1514.989705
-22.261177	178.479775	7.547000	1514.966976
-22.018930	178.541886	7.552000	1514.943297
-21.776633	178.603909	7.558000	1514.918759
-21.534388	178.666023	7.564000	1514.893192
-21.292143	178.728139	7.569000	1514.866689
-21.049848	178.790166	7.575000	1514.839338
-20.807604	178.852285	7.580000	1514.810973
-20.565310	178.914315	7.586000	1514.781770
-20.323067	178.976437	7.591000	1514.751561
-20.080774	179.038471	7.597000	1514.720522
-19.838533	179.100596	7.602000	1514.688486
-19.596241	179.162632	7.608000	1514.655629
-19.354001	179.224761	7.613000	1514.621783
-19.111710	179.286800	7.618000	1514.587124
-18.869471	179.348931	7.624000	1514.551474
-18.627182	179.410974	7.629000	1514.514993
-18.384944	179.473108	7.634000	1514.477512
-18.142655	179.535154	7.639000	1514.439200
-17.900271	179.597256	7.645000	1514.399931
-17.658034	179.659395	7.650000	1514.359706
-17.415748	179.721445	7.655000	1514.318651
-17.173462	179.783497	7.660000	1514.276682
-16.931227	179.845641	7.665000	1514.233717
-16.688943	179.907696	7.670000	1514.189924
-16.446658	179.969752	7.675000	1514.145219
-16.204375	180.031810	7.680000	1514.099603
-15.962092	180.093870	7.685000	1514.053076
-15.719860	180.156021	7.690000	1514.005556
-15.477578	180.218084	7.695000	1513.957210
-15.235297	180.280148	7.700000	1513.907948
-14.993016	180.342214	7.705000	1513.857752
-14.750736	180.404281	7.710000	1513.806626
-14.508456	180.466350	7.714000	1513.754576
-14.266177	180.528420	7.719000	1513.701607
-14.023950	180.590582	7.724000	1513.647643
-13.781672	180.652656	7.729000	1513.592856
-13.539395	180.714731	7.733000	1513.537167
-13.297118	180.776807	7.738000	1513.480585
-13.054842	180.838885	7.743000	1513.423114
-12.812663	180.900910	7.747000	1513.364812
-12.570388	180.962992	7.752000	1513.305584
-12.328063	181.024984	7.756000	1513.245567
-12.085789	181.087068	7.761000	1513.184606
-11.843516	181.149154	7.765000	1513.122789
-11.601243	181.211241	7.770000	1513.060119
-11.358971	181.273330	7.774000	1512.996576
-11.116700	181.335421	7.779000	1512.932151
-10.874429	181.397513	7.783000	1512.866847
-10.632159	181.459606	7.787000	1512.800665
-10.389838	181.521611	7.792000	1512.733688
-10.147569	181.583708	7.796000	1512.665756
-9.905300	181.645806	7.800000	1512.596953
-9.663032	181.707906	7.805000	1512.527279
-9.420714	181.769917	7.809000	1512.456815
-9.178447	181.832020	7.813000	1512.385405
-8.936181	181.894124	7.817000	1512.313130
-8.693864	181.956140	7.821000	1512.240069
-8.451599	182.018247	7.825000	1512.166068
-8.209335	182.080357	7.829000	1512.091207
-7.967020	182.142377	7.833000	1512.015565
-7.724853	182.204434	7.837000	1511.939032
-7.482540	182.266458	7.841000	1511.861636
-7.240277	182.328573	7.845000	1511.783282
-6.997965	182.390600	7.849000	1511.704133
-6.755704	182.452718	7.853000	1511.624037
-6.513393	182.514748	7.857000	1511.543156
-6.271133	182.576869	7.861000	1511.461339
-6.028823	182.638902	7.865000	1511.378746
-5.786564	182.701026	7.868000	1511.295229
-5.544255	182.763062	7.872000	1511.210946
-5.301997	182.825190	7.876000	1511.125750
-5.059690	182.887229	7.879000	1511.039798
-4.817479	182.949215	7.883000	1510.953083
-4.575223	183.011347	7.887000	1510.865409
-4.332917	183.073391	7.890000	1510.776995
-4.090612	183.135436	7.894000	1510.687764
-3.848358	183.197573	7.897000	1510.597614
-3.606053	183.259621	7.901000	1510.506697
-3.363750	183.321671	7.904000	1510.414940
-3.121497	183.383812	7.908000	1510.322272
-2.879195	183.445865	7.911000	1510.228847
-2.636990	183.507865	7.914000	1510.134659
-2.394688	183.569921	7.918000	1510.039580
-2.152387	183.631979	7.921000	1509.943679
-1.910087	183.694038	7.924000	1509.846960
-1.667838	183.756189	7.927000	1509.749350
-1.425539	183.818251	7.931000	1509.651003
-1.183241	183.880315	7.934000	1509.551849
-0.940943	183.942380	7.937000	1509.451889
-0.698742	184.004392	7.940000	1509.351195
-0.456445	184.066461	7.943000	1509.249635
-0.214149	184.128531	7.946000	1509.147255
0.028146	184.190602	7.949000	1509.044050
0.270441	184.252676	7.952000	1508.940023
0.512736	184.314750	7.955000	1508.835178
0.755030	184.376827	7.958000	1508.729521
0.997226	184.438850	7.961000	1508.623126
1.239519	184.500929	7.964000	1508.515856
1.481811	184.563010	7.967000	1508.407786
1.724153	184.625002	7.969000	1508.298993
1.966444	184.687086	7.972000	1508.189334
2.208735	184.749172	7.975000	1508.078889
2.450928	184.811204	7.978000	1507.967732
2.693217	184.873293	7.980000	1507.855725
2.935556	184.935293	7.983000	1507.743016
3.177844	184.997385	7.985000	1507.629464
3.420132	185.059478	7.988000	1507.515131
3.662419	185.121573	7.991000	1507.399999
3.904659	185.183524	7.993000	1507.284218
4.146945	185.245622	7.996000	1507.167498
4.389230	185.307722	7.998000	1507.049990
4.631565	185.369733	8.000000	1506.931770
4.873849	185.431836	8.003000	1506.812698
5.116035	185.493885	8.005000	1506.692925
5.358369	185.555901	8.007000	1506.572376
5.600651	185.618008	8.010000	1506.450987
5.842984	185.680027	8.012000	1506.328905
6.085265	185.742137	8.014000	1506.205991
6.327499	185.804104	8.016000	1506.082469
6.569779	185.866218	8.018000	1505.958047
6.812109	185.928243	8.021000	1505.832947
7.054388	185.990360	8.023000	1505.707027
7.296717	186.052388	8.025000	1505.580397
7.538898	186.114453	8.027000	1505.452996
7.781225	186.176484	8.029000	1505.324814
8.023553	186.238517	8.031000	1505.195863
8.265828	186.300641	8.032000	1505.066082
8.508154	186.362677	8.034000	1504.935615
8.750332	186.424750	8.036000	1504.804409
8.992657	186.486789	8.038000	1504.672449
9.234981	186.548830	8.040000	1504.539751
9.477305	186.610872	8.042000	1504.406322
9.719480	186.672951	8.043000	1504.272180
9.961803	186.734996	8.045000	1504.137307
10.204125	186.797043	8.047000	1504.001719
10.446446	186.859091	8.048000	1503.865424
10.688619	186.921177	8.050000	1503.728441
10.930940	186.983228	8.051000	1503.590720
11.173259	187.045281	8.053000	1503.452263
11.415578	187.107336	8.054000	1503.313075
11.657800	187.169337	8.056000	1503.173242
11.900118	187.231395	8.057000	1503.032600
12.142435	187.293454	8.058000	1502.891235
12.384752	187.355515	8.060000	1502.749151
12.626971	187.417523	8.061000	1502.606438
12.869286	187.479587	8.062000	1502.462926
13.111601	187.541653	8.064000	1502.318706
13.353916	187.603720	8.065000	1502.173779
13.596133	187.665734	8.066000	1502.028237
13.838446	187.727804	8.067000	1501.881910
14.080758	187.789876	8.068000	1501.734887
14.322974	187.851894	8.069000	1501.587259
14.565285	187.913969	8.070000	1501.438842
14.807596	187.976046	8.071000	1501.289701
15.049906	188.038124	8.072000	1501.139843
15.292170	188.100058	8.073000	1500.989428
15.534479	188.162140	8.074000	1500.838151
15.776787	188.224222	8.075000	1500.686172
16.018998	188.286252	8.076000	1500.533588
16.261306	188.348338	8.076000	1500.380223
16.503663	188.410335	8.077000	1500.226240
16.745969	188.472424	8.078000	1500.071511
16.988178	188.534460	8.079000	1499.916199
17.230534	188.596462	8.079000	1499.760193
17.472838	188.658556	8.080000	1499.603458
17.715045	188.720596	8.080000	1499.446157
17.957399	188.782603	8.081000	1499.288177
18.199702	188.844701	8.081000	1499.129477
18.441958	188.906656	8.082000	1498.970239
18.684259	188.968758	8.082000	1498.810146
18.926560	189.030861	8.083000	1498.649363
19.168815	189.092821	8.083000	1498.488056
19.411114	189.154927	8.083000	1498.325919
19.653464	189.216945	8.084000	1498.163182
19.895666	189.278999	8.084000	1497.999818
20.138015	189.341020	8.084000	1497.835777
20.380363	189.403042	8.084000	1497.671096
20.622563	189.465102	8.084000	1497.505815
20.864910	189.527127	8.085000	1497.339880
21.107205	189.589244	8.085000	1497.173268
21.349454	189.651218	8.085000	1497.006209
21.591800	189.713248	8.085000	1496.838456
21.834094	189.775370	8.085000	1496.670051
22.076341	189.837349	8.085000	1496.501198
22.318684	189.899384	8.084000	1496.331623
22.561027	189.961420	8.084000	1496.161425
22.803222	190.023494	8.084000	1495.990639
23.045564	190.085533	8.084000	1495.819199
23.287808	190.147520	8.084000	1495.647238
23.530149	190.209563	8.083000	1495.474563
23.772489	190.271607	8.083000	1495.301273
24.014680	190.333688	8.083000	1495.127405
24.257019	190.395736	8.082000	1494.952890
24.499357	190.457785	8.082000	1494.777764
24.741598	190.519780	8.081000	1494.602129
24.983935	190.581833	8.081000	1494.425788
25.226175	190.643832	8.080000	1494.248941
25.468510	190.705887	8.080000	1494.071391
25.710846	190.767944	8.079000	1493.893229
25.953084	190.829948	8.079000	1493.714534
26.195418	190.892008	8.078000	1493.535111
26.437654	190.954014	8.077000	1493.355168
26.679987	191.016078	8.077000	1493.174510
26.922320	191.078142	8.076000	1492.993244
27.164554	191.140154	8.075000	1492.811480
27.406886	191.202222	8.074000	1492.629021
27.649119	191.264236	8.073000	1492.446077
27.891500	191.326217	8.072000	1492.262513
28.133830	191.388290	8.072000	1492.078314
28.376062	191.450309	8.071000	1491.893652
28.618390	191.512385	8.070000	1491.708328
28.860620	191.574408	8.069000	1491.522555
29.102998	191.636396	8.067000	1491.336194
29.345228	191.698422	8.066000	1491.149333
29.587554	191.760504	8.065000	1490.961796
29.829879	191.822588	8.064000	1490.773680
30.072158	191.884528	8.063000	1490.585154
30.314482	191.946615	8.062000	1490.395893
30.556709	192.008648	8.060000	1490.206169
30.799082	192.070648	8.059000	1490.015837
31.041308	192.132685	8.058000	1489.824991
31.283680	192.194688	8.056000	1489.633543
31.525905	192.256728	8.055000	1489.441588
31.768276	192.318734	8.053000	1489.249039
32.010596	192.380832	8.052000	1489.055886
32.252869	192.442786	8.050000	1488.862358
32.495188	192.504887	8.049000	1488.668126
32.737460	192.566845	8.047000	1488.473527
32.979778	192.628949	8.046000	1488.278233
33.222049	192.690909	8.044000	1488.082555
33.464365	192.753017	8.042000	1487.886143
33.706635	192.814981	8.041000	1487.689338
33.949001	192.877001	8.039000	1487.491871
34.191219	192.939058	8.037000	1487.293906
34.433584	193.001082	8.035000	1487.095352
34.675801	193.063142	8.034000	1486.896314
34.918164	193.125168	8.032000	1486.696701
35.160431	193.187142	8.030000	1486.496677
35.402793	193.249172	8.028000	1486.296031
35.645008	193.311238	8.026000	1486.094931
35.887369	193.373271	8.024000	1485.893280
36.129730	193.435306	8.022000	1485.691137
36.371993	193.497287	8.020000	1485.488619
36.614353	193.559325	8.018000	1485.285511
36.856615	193.621309	8.015000	1485.082029
37.098922	193.683440	8.013000	1484.877860
37.341183	193.745427	8.011000	1484.673344
37.583444	193.807417	8.009000	1484.468316
37.825800	193.869462	8.007000	1484.262671
38.068060	193.931454	8.004000	1484.056636
38.310415	193.993503	8.002000	1483.849995
38.552673	194.055499	8.000000	1483.642975
38.795027	194.117550	7.997000	1483.435357
39.037284	194.179549	7.995000	1483.227372
39.279637	194.241604	7.992000	1483.018800
39.521893	194.303606	7.990000	1482.809871
39.764245	194.365664	7.987000	1482.600364
40.006499	194.427669	7.985000	1482.390512
40.248850	194.489730	7.982000	1482.180092
40.491154	194.551648	7.980000	1481.969391
40.733504	194.613713	7.977000	1481.758045
40.975756	194.675724	7.974000	1481.546331
41.218104	194.737792	7.972000	1481.334025
41.460355	194.799806	7.969000	1481.121360
41.702656	194.861732	7.966000	1480.908281
41.945003	194.923805	7.963000	1480.694567
42.187252	194.985824	7.960000	1480.480506
42.429597	195.047899	7.957000	1480.265873
42.671896	195.109832	7.955000	1480.050958
42.914241	195.171910	7.952000	1479.835423
43.156487	195.233936	7.949000	1479.619558
43.398881	195.295928	7.946000	1479.403192
43.641127	195.357956	7.943000	1479.186449
43.883423	195.419897	7.940000	1478.969330
44.125764	195.481983	7.936000	1478.751610
44.368008	195.544017	7.933000	1478.533567
44.610399	195.606016	7.930000	1478.315011
44.852641	195.668053	7.927000	1478.096067
45.095031	195.730056	7.924000	1477.876614
45.337272	195.792096	7.920000	1477.656781
45.579564	195.854047	7.917000	1477.436563
45.821952	195.916055	7.914000	1477.215791
46.064192	195.978099	7.911000	1476.994648
46.306579	196.040110	7.907000	1476.773012
46.548817	196.102157	7.904000	1476.551011
46.791106	196.164117	7.900000	1476.328641
47.033491	196.226132	7.897000	1476.105732
47.275728	196.288185	7.893000	1475.882468
47.518111	196.350203	7.890000	1475.658725
47.760398	196.412169	7.886000	1475.434689
48.002633	196.474226	7.883000	1475.210182
48.245015	196.536250	7.879000	1474.985158
48.487299	196.598220	7.875000	1474.759805
48.729583	196.660192	7.872000	1474.534014
48.971963	196.722220	7.868000	1474.307673
49.214195	196.784285	7.864000	1474.080976
49.456575	196.846317	7.860000	1473.853799
49.698856	196.908295	7.857000	1473.626337
49.941137	196.970275	7.853000	1473.398479
50.183514	197.032311	7.849000	1473.170112
50.425794	197.094294	7.845000	1472.941487
50.668074	197.156279	7.841000	1472.712491
50.910449	197.218319	7.837000	1472.483012
51.152727	197.280307	7.833000	1472.253300
51.395005	197.342297	7.829000	1472.023244
51.637378	197.404342	7.825000	1471.792729
51.879655	197.466335	7.821000	1471.561974
52.121930	197.528329	7.817000	1471.330848
52.364302	197.590379	7.813000	1471.099229
52.606577	197.652377	7.808000	1470.867363
52.848947	197.714430	7.804000	1470.635006
53.091221	197.776431	7.800000	1470.402404
53.333493	197.838433	7.796000	1470.169437
53.575913	197.900401	7.792000	1469.936034
53.818185	197.962406	7.787000	1469.702337
54.060456	198.024413	7.783000	1469.468277
54.302726	198.086422	7.778000	1469.233855
54.545143	198.148396	7.774000	1468.999000
54.787413	198.210408	7.770000	1468.763856
55.029681	198.272421	7.765000	1468.528352
55.272046	198.334491	7.761000	1468.292365
55.514364	198.396417	7.756000	1468.056181
55.756631	198.458435	7.752000	1467.819554
55.998994	198.520509	7.747000	1467.582419
56.241310	198.582440	7.742000	1467.345084
56.483575	198.644463	7.738000	1467.107329
56.725987	198.706452	7.733000	1466.869140
56.968251	198.768478	7.728000	1466.630672
57.210565	198.830416	7.724000	1466.391910
57.452828	198.892445	7.719000	1466.152761
57.695237	198.954440	7.714000	1465.913208
57.937499	199.016472	7.709000	1465.673408
58.179810	199.078416	7.704000	1465.433347
58.422168	199.140506	7.699000	1465.192804
58.664478	199.202453	7.695000	1464.952142
58.906737	199.264492	7.690000	1464.711140
59.149046	199.326442	7.685000	1464.469903
59.391452	199.388449	7.680000	1464.228223
59.633709	199.450492	7.675000	1463.986298
59.876016	199.512447	7.670000	1463.744107
60.118323	199.574404	7.664000	1463.501601
60.360676	199.636507	7.659000	1463.258605
60.602981	199.698466	7.654000	1463.015477
60.845286	199.760428	7.649000	1462.772042
61.087688	199.822446	7.644000	1462.528174
61.329941	199.884500	7.639000	1462.284080
61.572244	199.946466	7.633000	1462.039736
61.814547	200.008434	7.628000	1461.795093
62.056849	200.070403	7.623000	1461.550154
62.299247	200.132429	7.617000	1461.304794
62.541548	200.194402	7.612000	1461.059269
62.783849	200.256376	7.607000	1460.813455
63.026148	200.318351	7.601000	1460.567338
63.268544	200.380384	7.596000	1460.320783
63.510792	200.442452	7.590000	1460.074003
63.753090	200.504433	7.585000	1459.826971
63.995387	200.566415	7.579000	1459.579643
64.237832	200.628364	7.574000	1459.331944
64.480128	200.690349	7.568000	1459.084034
64.722423	200.752336	7.562000	1458.835840
64.964718	200.814324	7.557000	1458.587364
65.207013	200.876314	7.551000	1458.338612
65.449403	200.938361	7.545000	1458.089457
65.691696	201.000354	7.540000	1457.840161
65.933989	201.062349	7.534000	1457.590600
66.176281	201.124345	7.528000	1457.340776
66.418623	201.186253	7.522000	1457.090743
66.661011	201.248308	7.517000	1456.840267
66.903301	201.310309	7.511000	1456.589643
67.145591	201.372312	7.505000	1456.338743
67.387930	201.434226	7.499000	1456.087618
67.630219	201.496232	7.493000	1455.836173
67.872603	201.558295	7.487000	1455.584328
68.114941	201.620214	7.481000	1455.332395
68.357228	201.682225	7.475000	1455.080149
68.599514	201.744237	7.469000	1454.827639
68.841850	201.806161	7.463000	1454.574919
69.084135	201.868177	7.457000	1454.321891
69.326567	201.930159	7.451000	1454.068525
69.568850	201.992178	7.445000	1453.814988
69.811184	202.054108	7.439000	1453.561248
70.053467	202.116130	7.433000	1453.307210
70.295799	202.178064	7.427000	1453.052970
70.538080	202.240089	7.421000	1452.798404
70.780509	202.302081	7.415000	1452.543477
71.022789	202.364109	7.408000	1452.288362
71.265119	202.426049	7.402000	1452.033032
71.507398	202.488081	7.396000	1451.777397
71.749727	202.550024	7.390000	1451.521559
71.992055	202.611969	7.384000	1451.265478
72.234332	202.674006	7.377000	1451.009113
72.476756	202.736008	7.371000	1450.752434
72.719083	202.797958	7.365000	1450.495664
72.961358	202.859999	7.359000	1450.238631
73.203684	202.921952	7.352000	1449.981438
73.446008	202.983907	7.346000	1449.724044
73.688333	203.045863	7.340000	1449.466456
73.930656	203.107821	7.333000	1449.208681
74.172929	203.169870	7.327000	1448.950654
74.415348	203.231885	7.321000	1448.692325
74.657670	203.293848	7.314000	1448.433914
74.899991	203.355812	7.308000	1448.175288
75.142312	203.417778	7.301000	1447.916449
75.384632	203.479745	7.295000	1447.657398
75.626951	203.541714	7.289000	1447.398138
75.869270	203.603684	7.282000	1447.138668
76.111588	203.665657	7.276000	1446.878992
76.353906	203.727630	7.269000	1446.619109
76.596223	203.789606	7.263000	1446.359023
76.838636	203.851637	7.256000	1446.098599
77.080952	203.913616	7.250000	1445.838108
77.323267	203.975596	7.244000	1445.577418
77.565582	204.037578	7.237000	1445.316529
77.807896	204.099561	7.231000	1445.055439
78.050210	204.161546	7.224000	1444.794137
78.292522	204.223532	7.218000	1444.532626
78.534885	204.285431	7.211000	1444.270956
78.777197	204.347421	7.205000	1444.009035
79.019508	204.409412	7.198000	1443.746914
79.261819	204.471405	7.192000	1443.484597
79.504179	204.533310	7.185000	1443.222133
79.746489	204.595306	7.179000	1442.959431
79.988797	204.657303	7.172000	1442.696542
80.231202	204.719358	7.166000	1442.433333
80.473560	204.781269	7.159000	1442.170125
80.715867	204.843271	7.153000	1441.906691
80.958224	204.905186	7.146000	1441.643129
81.200530	204.967191	7.140000	1441.379348
81.442835	205.029199	7.133000	1441.115396
81.685190	205.091118	7.126000	1440.851307
81.927494	205.153129	7.120000	1440.586986
82.169848	205.215051	7.113000	1440.322527
82.412151	205.277065	7.107000	1440.057839
82.654504	205.338990	7.100000	1439.793019
82.896805	205.401007	7.094000	1439.527974
83.139157	205.462936	7.087000	1439.262800
83.381457	205.524956	7.081000	1438.997405
83.623808	205.586888	7.074000	1438.731885
83.866157	205.648822	7.068000	1438.466194
84.108456	205.710847	7.061000	1438.200289
84.350804	205.772784	7.055000	1437.934265
84.593153	205.834722	7.048000	1437.668076
84.835449	205.896752	7.042000	1437.401678
85.077796	205.958694	7.035000	1437.135165
85.320142	206.020637	7.029000	1436.868485
85.562437	206.082672	7.022000	1436.601582
85.804782	206.144618	7.016000	1436.334554
86.047127	206.206566	7.009000	1436.067357
86.289470	206.268516	7.003000	1435.799993
86.531814	206.330468	6.997000	1435.532465
86.774156	206.392420	6.990000	1435.264776
87.016448	206.454465	6.984000	1434.996882
87.258789	206.516421	6.977000	1434.728879
87.501130	206.578379	6.971000	1434.460721
87.743470	206.640338	6.964000	1434.192413
87.985810	206.702299	6.958000	1433.923957
88.228149	206.764262	6.952000	1433.655355
88.470487	206.826226	6.945000	1433.386610
88.712825	206.888192	6.939000	1433.117725
88.955162	206.950159	6.932000	1432.848696
89.197499	207.012128	6.926000	1432.579504
89.439835	207.074099	6.920000	1432.310150
89.682170	207.136071	6.913000	1432.040640
89.924505	207.198045	6.907000	1431.770978
90.166742	207.259965	6.901000	1431.501306
90.409127	207.321853	6.895000	1431.231398
90.651460	207.383831	6.888000	1430.961304
90.893792	207.445812	6.882000	1430.691076
91.136124	207.507793	6.876000	1430.420717
91.378455	207.569777	6.870000	1430.150231
91.620836	207.631672	6.863000	1429.879668
91.863166	207.693659	6.857000	1429.608942
92.105496	207.755647	6.851000	1429.338101
92.347875	207.817548	6.845000	1429.067197
92.590204	207.879539	6.839000	1428.796139
92.832531	207.941532	6.832000	1428.524959
93.074909	208.003437	6.826000	1428.253695
93.317235	208.065434	6.820000	1427.982260
93.559464	208.127377	6.814000	1427.710839
93.801840	208.189287	6.808000	1427.439203
94.044165	208.251288	6.802000	1427.167400
94.286539	208.313201	6.796000	1426.895525
94.528863	208.375206	6.790000	1426.623488
94.771236	208.437122	6.784000	1426.351382
95.013559	208.499130	6.778000	1426.079118
95.255931	208.561049	6.772000	1425.806789
95.498252	208.623060	6.766000	1425.534305
95.740623	208.684983	6.760000	1425.261761
95.982846	208.746942	6.754000	1424.989205
96.225216	208.808868	6.749000	1424.716454
96.467585	208.870796	6.743000	1424.443596
96.709903	208.932815	6.737000	1424.170580
96.952271	208.994746	6.731000	1423.897498
97.194639	209.056678	6.725000	1423.624306
97.437005	209.118613	6.720000	1423.351006
97.679321	209.180638	6.714000	1423.077553
97.921590	209.242520	6.708000	1422.804178
98.163955	209.304459	6.702000	1422.530559
98.406319	209.366400	6.697000	1422.256836
98.648632	209.428432	6.691000	1421.982967
98.890996	209.490376	6.686000	1421.709043
99.133358	209.552321	6.680000	1421.435021
99.375720	209.614268	6.674000	1421.160902
99.617985	209.676162	6.669000	1420.886825
99.860346	209.738112	6.663000	1420.612515
100.102706	209.800064	6.658000	1420.338108
100.345066	209.862018	6.652000	1420.063599
100.587425	209.923973	6.647000	1419.788987
100.829783	209.985929	6.642000	1419.514274
101.072044	210.047833	6.636000	1419.239602
101.314401	210.109793	6.631000	1418.964693
101.556758	210.171754	6.626000	1418.689689
101.799114	210.233718	6.620000	1418.414590
102.041470	210.295682	6.615000	1418.139400
102.283824	210.357649	6.610000	1417.864120
102.526082	210.419562	6.605000	1417.588891
102.768435	210.481532	6.600000	1417.313435
103.010839	210.543413	6.595000	1417.037938
103.253191	210.605386	6.590000	1416.762313
103.495543	210.667361	6.584000	1416.486606
103.737798	210.729282	6.579000	1416.210958
103.980199	210.791170	6.574000	1415.935129
104.222549	210.853150	6.570000	1415.659166
104.464898	210.915131	6.565000	1415.383116
104.707298	210.977024	6.560000	1415.107024
104.949549	211.038953	6.555000	1414.830941
105.191897	211.100939	6.550000	1414.554631
105.434294	211.162837	6.545000	1414.278283
105.676641	211.224826	6.541000	1414.001805
105.918890	211.286762	6.536000	1413.725385
106.161285	211.348664	6.531000	1413.448788
106.403630	211.410658	6.527000	1413.172064
106.646025	211.472564	6.522000	1412.895305
106.888368	211.534561	6.518000	1412.618421
107.130664	211.596416	6.513000	1412.341644
107.373007	211.658416	6.509000	1412.064604
107.615399	211.720329	6.504000	1411.787528
107.857790	211.782243	6.500000	1411.510364
108.100034	211.844193	6.495000	1411.233211
108.342424	211.906110	6.491000	1410.955879
108.584763	211.968119	6.487000	1410.678420
108.827153	212.030039	6.483000	1410.400928
109.069444	212.091907	6.478000	1410.123500
109.311782	212.153920	6.474000	1409.845811
109.554169	212.215845	6.470000	1409.568094
109.796556	212.277772	6.466000	1409.290306
110.038845	212.339646	6.462000	1409.012591
110.281180	212.401666	6.458000	1408.734622
110.523565	212.463598	6.454000	1408.456633
110.765852	212.525477	6.450000	1408.178723
111.008236	212.587412	6.446000	1407.900611
111.250619	212.649349	6.442000	1407.622438
111.493002	212.711287	6.438000	1407.344192
111.735287	212.773172	6.435000	1407.066013
111.977618	212.835203	6.431000	1406.787577
112.219998	212.897147	6.427000	1406.509118
112.462282	212.959037	6.423000	1406.230734
112.704661	213.020983	6.420000	1405.952145
112.947040	213.082931	6.416000	1405.673496
113.189418	213.144881	6.412000	1405.394788
113.431699	213.206777	6.409000	1405.116166
113.674127	213.268641	6.405000	1404.837394
113.916503	213.330595	6.402000	1404.558527
114.158782	213.392497	6.398000	1404.279753
114.401158	213.454455	6.395000	1404.000792
114.643532	213.516414	6.391000	1403.721787
114.885809	213.578320	6.388000	1403.442884
115.128183	213.640283	6.384000	1403.163795
115.370606	213.702158	6.381000	1402.884704
115.612882	213.764069	6.378000	1402.605663
115.855253	213.826037	6.375000	1402.326431
116.097624	213.888006	6.371000	1402.047151
116.339949	213.949832	6.368000	1401.768009
116.582319	214.011805	6.365000	1401.488629
116.824688	214.073779	6.362000	1401.209199
117.067010	214.135610	6.359000	1400.929904
117.309378	214.197588	6.355000	1400.650369
117.551745	214.259567	6.352000	1400.370781
117.794066	214.321403	6.349000	1400.091326
118.036432	214.383385	6.346000	1399.811630
118.278849	214.445280	6.343000	1399.531923
118.521117	214.507210	6.340000	1399.252257
118.763532	214.569108	6.337000	1398.972438
119.005895	214.631097	6.334000	1398.692515
119.248212	214.692943	6.331000	1398.412724
119.490575	214.754934	6.329000	1398.132690
119.732891	214.816784	6.326000	1397.852791
119.975252	214.878779	6.323000	1397.572651
120.217663	214.940686	6.320000	1397.292506
120.459977	215.002540	6.317000	1397.012453
120.702337	215.064541	6.315000	1396.732165
120.944649	215.126398	6.312000	1396.452017
121.187058	215.188312	6.309000	1396.171680
121.429416	215.250317	6.306000	1395.891254
121.671727	215.312179	6.304000	1395.610972
121.914134	215.374098	6.301000	1395.330505
122.156541	215.436018	6.298000	1395.049998
122.398799	215.497975	6.296000	1394.769546
122.641204	215.559899	6.293000	1394.488941
122.883512	215.621769	6.291000	1394.208421
123.125916	215.683696	6.288000	1393.927704
123.368223	215.745570	6.286000	1393.647079
123.610626	215.807500	6.283000	1393.366265
123.853028	215.869432	6.281000	1393.085407
124.095282	215.931400	6.278000	1392.804609
124.337683	215.993335	6.276000	1392.523680
124.579987	216.055217	6.273000	1392.242862
124.822386	216.117155	6.271000	1391.961875
125.064689	216.179040	6.269000	1391.681007
125.307087	216.240982	6.266000	1391.399976
125.549485	216.302925	6.264000	1391.118930
125.791837	216.364725	6.262000	1390.838059
126.034233	216.426672	6.259000	1390.556991
126.276533	216.488565	6.257000	1390.276054
126.518928	216.550515	6.255000	1389.994955
126.761226	216.612411	6.252000	1389.713978
127.003621	216.674364	6.250000	1389.432838
127.245918	216.736264	6.248000	1389.151820
127.488362	216.798131	6.246000	1388.870682
127.730754	216.860089	6.243000	1388.589476
127.973049	216.921994	6.241000	1388.308390
128.215440	216.983955	6.239000	1388.027137
128.457785	217.045773	6.237000	1387.746047
128.700175	217.107738	6.235000	1387.464743
128.942468	217.169649	6.233000	1387.183556
129.184907	217.231527	6.231000	1386.902243
129.427199	217.293442	6.228000	1386.621000
129.669637	217.355323	6.226000	1386.339630
129.911927	217.417241	6.224000	1386.058328
130.154313	217.479215	6.222000	1385.776856
130.396653	217.541047	6.220000	1385.495546
130.639038	217.603024	6.218000	1385.214020
130.881377	217.664859	6.216000	1384.932658
131.123761	217.726840	6.214000	1384.651081
131.366098	217.788678	6.212000	1384.369667
131.608531	217.850572	6.210000	1384.088086
131.850817	217.912503	6.208000	1383.806578
132.093249	217.974401	6.206000	1383.524948
132.335533	218.036335	6.204000	1383.243393
132.577964	218.098236	6.202000	1382.961716
132.820297	218.160084	6.200000	1382.680160
133.062677	218.222078	6.198000	1382.398392
133.305009	218.283929	6.196000	1382.116791
133.547437	218.345837	6.194000	1381.835024
133.789768	218.407691	6.192000	1381.553371
134.032145	218.469692	6.191000	1381.271497
134.274475	218.531549	6.189000	1380.989782
134.516804	218.593409	6.187000	1380.708041
134.759230	218.655325	6.185000	1380.426132
135.001558	218.717187	6.183000	1380.144343
135.243931	218.779196	6.181000	1379.862344
135.486258	218.841062	6.179000	1379.580516
135.728681	218.902984	6.177000	1379.298528
135.971007	218.964853	6.176000	1379.016670
136.213429	219.026779	6.174000	1378.734656
136.455753	219.088652	6.172000	1378.452777
136.698077	219.150526	6.170000	1378.170891
136.940497	219.212456	6.168000	1377.888859
137.182819	219.274334	6.166000	1377.606968
137.425238	219.336268	6.165000	1377.324931
137.667559	219.398148	6.163000	1377.043029
137.909977	219.460085	6.161000	1376.760975
138.152348	219.521880	6.159000	1376.479102
138.394667	219.583765	6.157000	1376.197174
138.637083	219.645708	6.155000	1375.915093
138.879401	219.707596	6.154000	1375.633146
139.121816	219.769542	6.152000	1375.351046
139.364133	219.831434	6.150000	1375.069079
139.606500	219.893238	6.148000	1374.787148
139.848912	219.955189	6.146000	1374.505016
140.091228	220.017086	6.145000	1374.223017
140.333690	220.078950	6.143000	1373.940909
140.576004	220.140850	6.141000	1373.658887
140.818317	220.202752	6.139000	1373.376853
141.060777	220.264621	6.137000	1373.094707
141.303089	220.326526	6.136000	1372.812639
141.545498	220.388488	6.134000	1372.530409
141.787859	220.450307	6.132000	1372.248352
142.030170	220.512217	6.130000	1371.966234
142.272627	220.574095	6.128000	1371.684007
142.514936	220.636008	6.127000	1371.401867
142.757295	220.697834	6.125000	1371.119766
142.999700	220.759806	6.123000	1370.837470
143.242058	220.821635	6.121000	1370.555361
143.484461	220.883609	6.119000	1370.273061
143.726818	220.945442	6.118000	1369.990952
143.969174	221.007276	6.116000	1369.708848
144.211575	221.069256	6.114000	1369.426559
144.453930	221.131093	6.112000	1369.144470
144.696284	221.192932	6.110000	1368.862391
144.938684	221.254916	6.108000	1368.580127
145.181037	221.316759	6.107000	1368.298056
145.423389	221.378602	6.105000	1368.015987
145.665787	221.440592	6.103000	1367.733729
145.908139	221.502439	6.101000	1367.451663
146.150489	221.564288	6.099000	1367.169599
146.392936	221.626193	6.097000	1366.887392
146.635285	221.688045	6.095000	1366.605330
146.877634	221.749899	6.093000	1366.323268
147.120028	221.811898	6.092000	1366.041017
147.362376	221.873755	6.090000	1365.758955
147.604722	221.935614	6.088000	1365.476894
147.847165	221.997529	6.086000	1365.194688
148.089511	222.059391	6.084000	1364.912626
148.331856	222.121254	6.082000	1364.630562
148.574201	222.183120	6.080000	1364.348493
148.816641	222.245041	6.078000	1364.066273
149.058984	222.306910	6.076000	1363.784189
149.301327	222.368780	6.074000	1363.502103
149.543766	222.430707	6.072000	1363.219871
149.786158	222.492491	6.070000	1362.937831
150.028498	222.554366	6.068000	1362.655748
150.270838	222.616242	6.066000	1362.373669
150.513275	222.678176	6.064000	1362.091453
150.755614	222.740056	6.062000	1361.809390
150.997952	222.801937	6.060000	1361.527338
151.240437	222.863786	6.058000	1361.245203
151.482774	222.925671	6.056000	1360.963179
151.725110	222.987558	6.054000	1360.681172
151.967446	223.049446	6.052000	1360.399185
152.209929	223.111301	6.050000	1360.117121
152.452263	223.173193	6.047000	1359.835170
152.694597	223.235086	6.045000	1359.553232
152.936981	223.296892	6.043000	1359.271355
153.179411	223.358843	6.041000	1358.989300
153.421793	223.420652	6.039000	1358.707449
153.664125	223.482551	6.037000	1358.425563
153.906507	223.544364	6.034000	1358.143736
154.148934	223.606322	6.032000	1357.861730
154.391314	223.668137	6.030000	1357.579925
154.633643	223.730043	6.028000	1357.298083
154.876022	223.791862	6.025000	1357.016298
155.118350	223.853772	6.023000	1356.734475
155.360824	223.915649	6.021000	1356.452563
155.603151	223.977562	6.019000	1356.170756
155.845528	224.039387	6.016000	1355.889003
156.087904	224.101214	6.014000	1355.607248
156.330325	224.163187	6.012000	1355.325297
156.572700	224.225017	6.009000	1355.043536
156.815074	224.286849	6.007000	1354.761776
157.057397	224.348772	6.005000	1354.479974
157.299770	224.410607	6.002000	1354.198229
157.542239	224.472499	6.000000	1353.916351
157.784610	224.534337	5.998000	1353.634633
158.026981	224.596177	5.995000	1353.352934
158.269301	224.658108	5.993000	1353.071210
158.511671	224.719952	5.991000	1352.789560
158.754040	224.781797	5.988000	1352.507939
158.996506	224.843699	5.986000	1352.226208
159.238874	224.905547	5.983000	1351.944657
159.481241	224.967397	5.981000	1351.663146
159.723608	225.029249	5.978000	1351.381674
159.965974	225.091102	5.976000	1351.100228
160.208436	225.153012	5.973000	1350.818664
160.450801	225.214869	5.971000	1350.537270
160.693165	225.276727	5.969000	1350.255902
160.935529	225.338587	5.966000	1349.974561
161.177892	225.400449	5.964000	1349.693246
161.420254	225.462312	5.961000	1349.411957
161.662616	225.524177	5.959000	1349.130696
161.905074	225.586099	5.956000	1348.849319
162.147485	225.647878	5.953000	1348.568163
162.389845	225.709748	5.951000	1348.286989
162.632205	225.771619	5.948000	1348.005844
162.874563	225.833493	5.946000	1347.724728
163.116921	225.895368	5.943000	1347.443642
163.359329	225.957155	5.941000	1347.162633
163.601783	226.019088	5.938000	1346.881458
163.844139	226.080968	5.936000	1346.600452
164.086546	226.142760	5.933000	1346.319520
164.328901	226.204643	5.930000	1346.038566
164.571255	226.266528	5.928000	1345.757641
164.813659	226.328325	5.925000	1345.476792
165.056012	226.390213	5.923000	1345.195925
165.298416	226.452014	5.920000	1344.915136
165.540768	226.513905	5.917000	1344.634331
165.783266	226.575764	5.915000	1344.353463
166.025617	226.637659	5.912000	1344.072723
166.268018	226.699466	5.909000	1343.792066
166.510367	226.761364	5.907000	1343.511397
166.752767	226.823175	5.904000	1343.230811
166.995115	226.885076	5.902000	1342.950215
167.237513	226.946890	5.899000	1342.669696
167.479911	227.008705	5.896000	1342.389200
167.722257	227.070612	5.893000	1342.108681
167.964653	227.132431	5.891000	1341.828237
168.207049	227.194251	5.888000	1341.547823
168.449393	227.256162	5.885000	1341.267394
168.691885	227.318041	5.883000	1340.986904
168.934279	227.379866	5.880000	1340.706595
169.176672	227.441694	5.877000	1340.426325
169.419014	227.503612	5.875000	1340.146050
169.661406	227.565442	5.872000	1339.865867
169.903797	227.627274	5.869000	1339.585731
170.146188	227.689108	5.866000	1339.305645
170.388578	227.750943	5.864000	1339.025611
170.630968	227.812780	5.861000	1338.745631
170.873357	227.874619	5.858000	1338.465705
171.115745	227.936459	5.856000	1338.185824
171.358082	227.998390	5.853000	1337.905938
171.600469	228.060234	5.850000	1337.626144
171.842856	228.122079	5.847000	1337.346395
172.085292	228.183837	5.845000	1337.066738
172.327677	228.245686	5.842000	1336.787078
172.570062	228.307536	5.839000	1336.507463
172.812446	228.369388	5.836000	1336.227893
173.054829	228.431242	5.834000	1335.948369
173.297212	228.493097	5.831000	1335.668890
173.539594	228.554954	5.828000	1335.389458
173.781975	228.616813	5.825000	1335.110071
174.024356	228.678673	5.823000	1334.830732
174.266787	228.740446	5.820000	1334.551487
174.509167	228.802310	5.817000	1334.272242
174.751546	228.864175	5.814000	1333.993032
174.993924	228.926042	5.811000	1333.713856
175.236353	228.987821	5.809000	1333.434765
175.478730	229.049692	5.806000	1333.155665
175.721106	229.111563	5.803000	1332.876609
175.963533	229.173348	5.800000	1332.597650
176.205908	229.235223	5.798000	1332.318692
176.448333	229.297011	5.795000	1332.039838
176.690707	229.358890	5.792000	1331.760993
176.933081	229.420770	5.789000	1331.482210
177.175504	229.482563	5.786000	1331.203541
177.417876	229.544446	5.784000	1330.924892
177.660299	229.606242	5.781000	1330.646364
177.902670	229.668129	5.778000	1330.367863
178.145090	229.729928	5.775000	1330.089490
178.387511	229.791730	5.772000	1329.811190
178.629880	229.853621	5.770000	1329.532902
178.872299	229.915426	5.767000	1329.254725
179.114667	229.977321	5.764000	1328.976561
179.357085	230.039129	5.761000	1328.698510
179.599502	230.100938	5.759000	1328.420522
179.841822	230.162694	5.756000	1328.142741
180.084187	230.224596	5.753000	1327.864835
180.326602	230.286411	5.750000	1327.587043
180.569017	230.348227	5.747000	1327.309319
180.811431	230.410044	5.745000	1327.031663
181.053794	230.471953	5.742000	1326.754026
181.296207	230.533774	5.739000	1326.476508
181.538619	230.595597	5.736000	1326.199061
181.781031	230.657421	5.733000	1325.921684
182.023442	230.719247	5.731000	1325.644378
182.265852	230.781075	5.728000	1325.367134
182.508262	230.842904	5.725000	1325.089950
182.750574	230.904681	5.722000	1324.812971
182.992982	230.966513	5.720000	1324.535915
183.235390	231.028348	5.717000	1324.258925
183.477798	231.090184	5.714000	1323.982002
183.720204	231.152022	5.711000	1323.705150
183.962610	231.213861	5.709000	1323.428369
184.205016	231.275702	5.706000	1323.151661
184.447420	231.337545	5.703000	1322.875029
184.689825	231.399389	5.700000	1322.598472
184.932131	231.461180	5.698000	1322.322137
185.174534	231.523028	5.695000	1322.045739
185.416987	231.584789	5.692000	1321.769473
185.659389	231.646640	5.689000	1321.493240
185.901790	231.708492	5.687000	1321.217083
186.144190	231.770347	5.684000	1320.940995
186.386590	231.832203	5.681000	1320.664979
186.628943	231.893917	5.678000	1320.389227
186.871341	231.955776	5.676000	1320.113359
187.113739	232.017637	5.673000	1319.837567
187.356187	232.079411	5.670000	1319.561904
187.598584	232.141275	5.667000	1319.286270
187.841030	232.203052	5.665000	1319.010768
188.083329	232.264865	5.662000	1318.735441
188.325724	232.326735	5.659000	1318.460056
188.568169	232.388517	5.657000	1318.184805
188.810562	232.450390	5.654000	1317.909591
189.053006	232.512175	5.651000	1317.634515
189.295398	232.574051	5.649000	1317.359478
189.537743	232.635785	5.646000	1317.084716
189.780185	232.697575	5.643000	1316.809883
190.022576	232.759457	5.641000	1316.535073
190.265016	232.821250	5.638000	1316.260390
190.507405	232.883135	5.635000	1315.985735
190.749747	232.944877	5.633000	1315.711353
190.992186	233.006676	5.630000	1315.436915
191.234573	233.068565	5.627000	1315.162514
191.477011	233.130367	5.625000	1314.888254
191.719447	233.192171	5.622000	1314.614086
191.961786	233.253922	5.620000	1314.340156
192.204171	233.315818	5.617000	1314.066134
192.446606	233.377627	5.614000	1313.792264
192.689040	233.439437	5.612000	1313.518498
192.931474	233.501250	5.609000	1313.244839
193.173810	233.563008	5.607000	1312.971430
193.416242	233.624824	5.604000	1312.697973
193.658674	233.686641	5.601000	1312.424606
193.901105	233.748460	5.599000	1312.151331
194.143438	233.810226	5.596000	1311.878290
194.385868	233.872048	5.594000	1311.605203
194.628297	233.933872	5.591000	1311.332212
194.870726	233.995697	5.589000	1311.059317
195.113057	234.057470	5.586000	1310.786663
195.355484	234.119299	5.584000	1310.513967
195.597911	234.181129	5.581000	1310.241374
195.840337	234.242961	5.579000	1309.968883
196.082666	234.304740	5.576000	1309.696638
196.325090	234.366576	5.574000	1309.424358
196.567515	234.428413	5.571000	1309.152187
196.809938	234.490252	5.569000	1308.880124
197.052315	234.551949	5.566000	1308.608354
197.294737	234.613791	5.564000	1308.336489
197.537159	234.675635	5.561000	1308.064722
197.779483	234.737426	5.559000	1307.793194
198.021954	234.799185	5.556000	1307.521676
198.264374	234.861034	5.554000	1307.250211
198.506793	234.922884	5.552000	1306.978848
198.749165	234.984593	5.549000	1306.707782
198.991583	235.046447	5.547000	1306.436631
199.234051	235.108214	5.544000	1306.165639
199.476371	235.170016	5.542000	1305.894846
199.718787	235.231875	5.540000	1305.624027
199.961253	235.293647	5.537000	1305.353372
200.203668	235.355509	5.535000	1305.082782
200.446035	235.417230	5.533000	1304.812499
200.688449	235.479095	5.530000	1304.542140
200.930912	235.540874	5.528000	1304.271930
201.173279	235.602599	5.526000	1304.001960
201.415690	235.664470	5.523000	1303.731902
201.658152	235.726253	5.521000	1303.462001
201.900465	235.788073	5.519000	1303.192298
202.142926	235.849860	5.516000	1302.922617
202.385385	235.911648	5.514000	1302.653050
202.627697	235.973472	5.512000	1302.383689
202.870156	236.035264	5.509000	1302.114359
203.112613	236.097058	5.507000	1301.845152
203.354974	236.158798	5.505000	1301.576209
203.597430	236.220595	5.503000	1301.307256
203.839739	236.282428	5.500000	1301.038523
204.082194	236.344228	5.498000	1300.769836
204.324649	236.406030	5.496000	1300.501285
204.567006	236.467779	5.494000	1300.232995
204.809460	236.529585	5.491000	1299.964686
205.051912	236.591392	5.489000	1299.696496
205.294268	236.653146	5.487000	1299.428567
205.536719	236.714956	5.485000	1299.160622
205.779170	236.776768	5.483000	1298.892801
206.021524	236.838527	5.480000	1298.625244
206.263974	236.900342	5.478000	1298.357676
206.506326	236.962105	5.476000	1298.090373
206.748774	237.023923	5.474000	1297.823061
206.991222	237.085744	5.472000	1297.555879
207.233572	237.147511	5.469000	1297.288966
207.476019	237.209335	5.467000	1297.022047
207.718368	237.271106	5.465000	1296.755399
207.960813	237.332933	5.463000	1296.488746
208.203308	237.394673	5.461000	1296.222270
208.445656	237.456449	5.459000	1295.955996
208.688099	237.518281	5.457000	1295.689701
208.930445	237.580060	5.455000	1295.423665
209.172938	237.641807	5.452000	1295.157665
209.415283	237.703589	5.450000	1294.891878
209.657723	237.765428	5.448000	1294.626081
209.900214	237.827180	5.446000	1294.360469
210.142557	237.888968	5.444000	1294.095077
210.384996	237.950812	5.442000	1293.829686
210.627388	238.012514	5.440000	1293.564626
210.869826	238.074361	5.438000	1293.299521
211.112217	238.136066	5.436000	1293.034752
211.354653	238.197917	5.434000	1292.769945
211.597140	238.259681	5.432000	1292.505343
211.839478	238.321480	5.430000	1292.240981
212.081963	238.383247	5.428000	1291.976672
212.324301	238.445050	5.426000	1291.712587
212.566784	238.506820	5.423000	1291.448557
212.809171	238.568537	5.421000	1291.184805
213.051603	238.630400	5.419000	1290.921007
213.293988	238.692120	5.417000	1290.657541
213.536469	238.753897	5.415000	1290.394083
213.778803	238.815710	5.413000	1290.130856
214.021283	238.877491	5.411000	1289.867691
214.263666	238.939218	5.409000	1289.604812
214.506145	239.001002	5.407000	1289.341945
214.748476	239.062821	5.405000	1289.079313
214.990953	239.124608	5.404000	1288.816748
215.233333	239.186342	5.402000	1288.554473
215.475810	239.248133	5.400000	1288.292214
215.718189	239.309870	5.398000	1288.030237
215.960664	239.371664	5.396000	1287.768263
216.202991	239.433494	5.394000	1287.506516
216.445465	239.495291	5.392000	1287.244829
216.687841	239.557035	5.390000	1286.983422
216.930314	239.618836	5.388000	1286.722027
217.172689	239.680584	5.386000	1286.460915
217.415160	239.742388	5.384000	1286.199818
217.657534	239.804139	5.382000	1285.939007
217.900054	239.865857	5.380000	1285.678266
218.142427	239.927612	5.378000	1285.417763
218.384896	239.989422	5.376000	1285.157281
218.627267	240.051180	5.375000	1284.897092
218.869735	240.112994	5.373000	1284.636927
219.112105	240.174755	5.371000	1284.377059
219.354474	240.236518	5.369000	1284.117346
219.596990	240.298248	5.367000	1283.857694
219.839359	240.360015	5.365000	1283.598271
220.081823	240.421837	5.363000	1283.338861
220.324190	240.483607	5.361000	1283.079736
220.566704	240.545344	5.360000	1282.820681
220.809069	240.607117	5.358000	1282.561863
221.051531	240.668946	5.356000	1282.303066
221.293946	240.730634	5.354000	1282.044615
221.536310	240.792412	5.352000	1281.786273
221.778820	240.854157	5.350000	1281.528011
222.021183	240.915939	5.348000	1281.269997
222.263642	240.977777	5.347000	1281.012015
222.506053	241.039472	5.345000	1280.754390
222.748414	241.101259	5.343000	1280.496883
222.990921	241.163013	5.341000	1280.239466
223.233331	241.224714	5.339000	1279.982344
223.475787	241.286560	5.338000	1279.725192
223.718195	241.348265	5.336000	1279.468385
223.960553	241.410059	5.334000	1279.211686
224.203057	241.471822	5.332000	1278.955067
224.445464	241.533531	5.330000	1278.698744
224.687916	241.595386	5.329000	1278.442399
224.930322	241.657099	5.327000	1278.186407
225.172727	241.718814	5.325000	1277.930581
225.415177	241.780674	5.323000	1277.674738
225.657581	241.842391	5.321000	1277.419249
225.900080	241.904166	5.320000	1277.163797
226.142483	241.965887	5.318000	1276.908650
226.384884	242.027610	5.316000	1276.653674
226.627332	242.089479	5.314000	1276.398686
226.869732	242.151205	5.313000	1276.144048
227.112132	242.212933	5.311000	1275.889571
227.354628	242.274718	5.309000	1275.635122
227.597026	242.336449	5.307000	1275.380968
227.839424	242.398182	5.306000	1275.126979
228.081918	242.459972	5.304000	1274.873022
228.324315	242.521708	5.302000	1274.619366
228.566711	242.583447	5.300000	1274.365878
228.809203	242.645242	5.299000	1274.112429
229.051598	242.706983	5.297000	1273.859283
229.293992	242.768726	5.295000	1273.606311
229.536482	242.830526	5.294000	1273.353382
229.778926	242.892184	5.292000	1273.100815
230.021318	242.953933	5.290000	1272.848373
230.263806	243.015738	5.288000	1272.595979
230.506197	243.077490	5.287000	1272.343895
230.748587	243.139243	5.285000	1272.091976
230.991124	243.200964	5.283000	1271.840146
231.233513	243.262721	5.282000	1271.588564
231.475902	243.324480	5.280000	1271.337151
231.718290	243.386240	5.278000	1271.085910
231.960824	243.447968	5.277000	1270.834762
232.203211	243.509732	5.275000	1270.583867
232.445596	243.571497	5.273000	1270.333147
232.688129	243.633231	5.272000	1270.082526
232.930514	243.695000	5.270000	1269.832161
233.172948	243.756681	5.268000	1269.582028
233.415331	243.818453	5.266000	1269.332023
233.657861	243.880193	5.265000	1269.082121
233.900243	243.941969	5.263000	1268.832480
234.142675	244.003658	5.261000	1268.583075
234.385153	244.065491	5.260000	1268.333661
234.627584	244.127183	5.258000	1268.084603
234.869963	244.188966	5.257000	1267.835665
235.112393	244.250661	5.255000	1267.586954
235.354918	244.312413	5.253000	1267.338288
235.597296	244.374201	5.252000	1267.089874
235.839723	244.435901	5.250000	1266.841691
236.082150	244.497603	5.248000	1266.593685
236.324673	244.559362	5.247000	1266.345728
236.567048	244.621156	5.245000	1266.098027
236.809473	244.682863	5.243000	1265.850560
237.051898	244.744572	5.242000	1265.603275
237.294321	244.806283	5.240000	1265.356174
237.536841	244.868050	5.238000	1265.109127
237.779213	244.929853	5.237000	1264.862344
238.021635	244.991569	5.235000	1264.615795
238.264056	245.053286	5.234000	1264.369422
238.506573	245.115060	5.232000	1264.123097
238.748993	245.176781	5.230000	1263.877079
238.991413	245.238504	5.229000	1263.631239
239.233831	245.300228	5.227000	1263.385578
239.476249	245.361954	5.225000	1263.140096
239.718763	245.423737	5.224000	1262.894665
239.961180	245.485466	5.222000	1262.649543
240.203596	245.547197	5.221000	1262.404602
240.446012	245.608930	5.219000	1262.159843
240.688426	245.670664	5.217000	1261.915267
240.930891	245.732312	5.216000	1261.670926
241.173401	245.794105	5.214000	1261.426587
241.415814	245.855844	5.213000	1261.182561
241.658227	245.917586	5.211000	1260.938717
241.900638	245.979329	5.209000	1260.695048
242.143100	246.040985	5.208000	1260.451607
242.385510	246.102731	5.206000	1260.208289
242.628017	246.164534	5.205000	1259.965020
242.870476	246.226195	5.203000	1259.722110
243.112885	246.287947	5.201000	1259.479326
243.355292	246.349700	5.200000	1259.236722
243.597750	246.411366	5.198000	1258.994353
243.840157	246.473123	5.197000	1258.752113
244.082710	246.534848	5.195000	1258.509983
244.325115	246.596608	5.194000	1258.268111
244.567520	246.658369	5.192000	1258.026425
244.809974	246.720044	5.190000	1257.784979
245.052378	246.781809	5.189000	1257.543668
245.294831	246.843488	5.187000	1257.302599
245.537283	246.905168	5.186000	1257.061713
245.779685	246.966938	5.184000	1256.820952
246.022233	247.028676	5.182000	1256.580297
246.264633	247.090450	5.181000	1256.339897
246.507083	247.152137	5.179000	1256.099731
246.749533	247.213825	5.178000	1255.859746
246.991931	247.275604	5.176000	1255.619889
247.234379	247.337296	5.175000	1255.380267
247.476826	247.398989	5.173000	1255.140829
247.719273	247.460685	5.171000	1254.901573
247.961719	247.522382	5.170000	1254.662500
248.204115	247.584169	5.168000	1254.423556
248.446656	247.645925	5.167000	1254.184724
248.689101	247.707627	5.165000	1253.946202
248.931544	247.769331	5.164000	1253.707864
249.173987	247.831036	5.162000	1253.469709
249.416430	247.892743	5.161000	1253.231731
249.658871	247.954452	5.159000	1252.993932
249.901312	248.016163	5.157000	1252.756314
250.143753	248.077875	5.156000	1252.518875
250.386193	248.139590	5.154000	1252.281618
250.628632	248.201305	5.153000	1252.044541
250.871071	248.263023	5.151000	1251.807645
251.113509	248.324742	5.150000	1251.570931
251.355946	248.386463	5.148000	1251.334399
251.598382	248.448186	5.147000	1251.098049
251.840818	248.509910	5.145000	1250.861881
252.083254	248.571636	5.144000	1250.625896
252.325739	248.633275	5.142000	1250.390149
252.568173	248.695005	5.141000	1250.154531
252.810607	248.756736	5.139000	1249.919096
253.053039	248.818469	5.137000	1249.683844
253.295619	248.880170	5.136000	1249.448702
253.538050	248.941906	5.134000	1249.213811
253.780481	249.003645	5.133000	1248.979100
254.022962	249.065296	5.131000	1248.744622
254.265392	249.127037	5.130000	1248.510268
254.507821	249.188780	5.128000	1248.276090
254.750299	249.250437	5.127000	1248.042142
254.992727	249.312183	5.125000	1247.808316
255.235205	249.373843	5.124000	1247.574718
255.477631	249.435593	5.122000	1247.341239
255.720107	249.497256	5.121000	1247.107987
255.962533	249.559010	5.119000	1246.874852
256.205008	249.620677	5.118000	1246.641942
256.447335	249.682378	5.116000	1246.409272
256.689808	249.744048	5.115000	1246.176701
256.932231	249.805809	5.113000	1245.944245
257.174703	249.867482	5.112000	1245.712013
257.417175	249.929157	5.110000	1245.479949
257.659596	249.990923	5.108000	1245.248002
257.902066	250.052602	5.107000	1245.016276
258.144536	250.114282	5.105000	1244.784720
258.387005	250.175964	5.104000	1244.553333
258.629424	250.237736	5.102000	1244.322061
258.871892	250.299422	5.101000	1244.091012
259.114359	250.361109	5.099000	1243.860132
259.356826	250.422798	5.098000	1243.629420
259.599292	250.484489	5.096000	1243.398878
259.841757	250.546181	5.095000	1243.168504
260.084171	250.607964	5.093000	1242.938245
260.326635	250.669659	5.092000	1242.708208
260.569099	250.731357	5.090000	1242.478338
260.811562	250.793056	5.089000	1242.248635
261.054024	250.854757	5.087000	1242.019097
261.296389	250.916405	5.086000	1241.789847
261.538850	250.978109	5.084000	1241.560639
261.781310	251.039815	5.083000	1241.331595
262.023820	251.101434	5.081000	1241.102770
262.266279	251.163144	5.080000	1240.874056
262.508737	251.224855	5.078000	1240.645506
262.751195	251.286568	5.077000	1240.417119
262.993652	251.348283	5.075000	1240.188895
263.236108	251.409999	5.074000	1239.960833
263.478564	251.471717	5.072000	1239.732933
263.720973	251.533294	5.071000	1239.505368
263.963428	251.595015	5.069000	1239.277789
264.205881	251.656739	5.068000	1239.050374
264.448385	251.718375	5.066000	1238.823175
264.690838	251.780102	5.065000	1238.596084
264.933290	251.841830	5.063000	1238.369154
265.175791	251.903472	5.062000	1238.142437
265.418242	251.965204	5.061000	1237.915823
265.660595	252.026882	5.059000	1237.689486
265.903095	252.088529	5.058000	1237.463237
266.145544	252.150266	5.056000	1237.237088
266.388042	252.211916	5.055000	1237.011144
266.630490	252.273657	5.053000	1236.785298
266.872987	252.335311	5.052000	1236.559655
267.115337	252.396999	5.050000	1236.334227
267.357832	252.458657	5.049000	1236.108879
267.600328	252.520315	5.047000	1235.883677
267.842772	252.582065	5.046000	1235.658572
268.085266	252.643727	5.044000	1235.433676
268.327759	252.705391	5.043000	1235.208933
268.570105	252.767090	5.041000	1234.984408
268.812597	252.828758	5.040000	1234.759967
269.055089	252.890427	5.038000	1234.535672
269.297529	252.952186	5.037000	1234.311470
269.540019	253.013859	5.035000	1234.087464
269.782412	253.075478	5.034000	1233.863718
270.024901	253.137154	5.032000	1233.639992
270.267389	253.198832	5.031000	1233.416401
270.509877	253.260512	5.029000	1233.192944
270.752313	253.322281	5.028000	1232.969564
270.994703	253.383909	5.026000	1232.746486
271.237189	253.445594	5.025000	1232.523414
271.479674	253.507280	5.024000	1232.300468
271.722158	253.568969	5.022000	1232.077650
271.964642	253.630658	5.021000	1231.854961
272.207028	253.692295	5.019000	1231.632520
272.449511	253.753988	5.018000	1231.410089
272.691993	253.815683	5.016000	1231.187787
272.934524	253.877292	5.015000	1230.965666
273.176908	253.938935	5.013000	1230.743738
273.419388	254.000635	5.012000	1230.521820
273.661867	254.062337	5.010000	1230.300030
273.904346	254.124041	5.009000	1230.078367
274.146727	254.185692	5.007000	1229.856949
274.389255	254.247310	5.006000	1229.635595
274.631731	254.309019	5.004000	1229.414317
274.874207	254.370730	5.003000	1229.193167
275.116586	254.432387	5.002000	1228.972263
275.359111	254.494013	5.000000	1228.751427
275.601585	254.555728	4.999000	1228.530668
275.844059	254.617446	4.997000	1228.310038
276.086485	254.679022	4.996000	1228.089706
276.328958	254.740743	4.994000	1227.869329
276.571480	254.802377	4.993000	1227.649129
276.813854	254.864046	4.991000	1227.429114
277.056374	254.925684	4.990000	1227.209154
277.298844	254.987412	4.988000	1226.989259
277.541363	255.049053	4.987000	1226.769533
277.783735	255.110729	4.985000	1226.549984
278.026253	255.172374	4.984000	1226.330483
278.268720	255.234109	4.982000	1226.111038
278.511140	255.295702	4.981000	1225.891871
278.753656	255.357351	4.980000	1225.672693
278.996121	255.419091	4.978000	1225.453572
279.238540	255.480690	4.977000	1225.234739
279.481054	255.542345	4.975000	1225.015906
279.723517	255.604090	4.974000	1224.797134
279.965933	255.665693	4.972000	1224.578642
280.208445	255.727353	4.971000	1224.360142
280.450957	255.789015	4.969000	1224.141748
280.693371	255.850624	4.968000	1223.923573
280.935831	255.912378	4.966000	1223.705329
281.178341	255.974045	4.965000	1223.487235
281.420753	256.035659	4.964000	1223.269352
281.663262	256.097329	4.962000	1223.051444
281.905770	256.159001	4.961000	1222.833626
282.148180	256.220620	4.959000	1222.616011
282.390686	256.282296	4.958000	1222.398363
282.633192	256.343974	4.956000	1222.180799
282.875601	256.405598	4.955000	1221.963449
283.118105	256.467279	4.953000	1221.746081
283.360512	256.528906	4.952000	1221.528925
283.603016	256.590591	4.950000	1221.311746
283.845518	256.652277	4.949000	1221.094656
284.087924	256.713910	4.947000	1220.877769
284.330475	256.775511	4.946000	1220.660902
